20001,'51',1500,,8330,20,4,,2,32,,8331,20,4,,2
20001,'52',645,,8332,20,4,,2,70,,8334,20,4,,2
5002300,'51',657,,8479,59,4,,2,73,,8481,59,4,,2,29,,8482,59,4,,2,70,,8480,59,4,,2
5002400,'51',730,,8489,35,4,,2,27,,8487,35,4,,2,70,,8488,35,4,,2
5003400,'51',703,,8494,37,4,,2,23,,8493,37,4,,2
5003600,'51',725,,8496,25,4,,2,27,,8497,20,4,,2
5003700,'51',708,,8501,72,4,,2,17,,8502,65,4,,2,77,,8504,65,4,,2,30,,8505,65,4,,2,68,,8503,72,4,,2
1200000200,'51',607,,8533,32,4,,1,15,,8531,54,4,,1,19,,8535,54,4,,1,10,,8539,32,4,,1,49,,8537,54,4,,1,9,,8542,32,4,,1,9,,8538,54,4,,1,18,,8540,54,4,,1,18,,8544,54,4,,1,55,,8530,54,4,,1,15,,8545,54,4,,1,15,,8534,54,4,,1,12,,8541,54,4,,1,52,,8532,54,4,,1,13,,8543,54,4,,1,15,,8536,54,4,,1,12,,8549,54,4,,1,57,,8548,54,4,,1,18,,8551,54,4,,1,14,,8547,54,4,,1,15,,8546,54,4,,1,55,,8552,54,4,,1,15,,8554,54,4,,1,15,,8555,54,4,,1,15,,8556,54,4,,1,55,,8550,54,4,,1,15,,8557,54,4,,1,15,,8558,54,4,,1,15,,8559,54,4,,1,56,,8560,54,4,,1,15,,8561,54,4,,1,15,,8553,54,4,,1,15,,8562,54,4,,1,54,,8564,54,4,,1,15,,8565,54,4,,1,15,,8566,54,4,,1,22,,8563,54,4,,1,52,,8568,54,4,,1,16,,8571,54,4,,1,15,,8572,54,4,,1,16,,8574,54,4,,1,52,,8567,54,4,,1,14,,8575,54,4,,1,15,,8570,54,4,,1,16,,8577,54,4,,1,9,,8581,41,4,,1,48,,8579,54,4,,1,12,,8583,54,4,,1,15,,8569,54,4,,1,15,,8582,54,4,,1,54,,8584,54,4,,1,14,,8573,54,4,,1,14,,8576,54,4,,1,14,,8578,54,4,,1,55,,8585,54,4,,1,14,,8580,54,4,,1,30,,8588,54,4,,1,70,,8587,54,4,,1,30,,8592,54,4,,1,70,,8586,54,4,,1,29,,8594,54,4,,1,72,,8589,54,4,,1,28,,8591,54,4,,1,72,,8593,54,4,,1,26,,8595,54,4,,1
1200000200,'52',744,,8599,54,4,,1,71,,8598,54,4,,1,31,,8602,54,4,,1,70,,8596,54,4,,1,30,,8601,54,4,,1,70,,8600,54,4,,1,30,,8604,54,4,,1,70,,8603,54,4,,1,30,,8597,54,4,,1,72,,8607,54,4,,1,30,,8608,54,4,,1,70,,8605,54,4,,1,30,,8606,54,4,,1,71,,8611,54,4,,1,30,,8610,54,4,,1,69,,8609,54,4,,1,30,,8614,54,4,,1,71,,8616,54,4,,1,30,,8612,54,4,,1,70,,8619,54,4,,1,30,,8618,54,4,,1,69,,8615,54,4,,1,27,,8617,54,4,,1,68,,8622,54,4,,1,30,,8613,54,4,,1,71,,8620,54,4,,1,29,,8623,54,4,,1,69,,8625,54,4,,1,30,,8624,54,4,,1,70,,8628,54,4,,1,30,,8621,54,4,,1,70,,8626,54,4,,1,30,,8627,54,4,,1
1200000200,'53',744,,8629,54,4,,1,71,,8630,54,4,,1,31,,8631,54,4,,1,70,,8632,54,4,,1,30,,8634,54,4,,1,70,,8638,54,4,,1,30,,8636,54,4,,1,70,,8640,54,4,,1,30,,8637,54,4,,1,72,,8635,54,4,,1,30,,8639,54,4,,1,70,,8641,54,4,,1,30,,8633,54,4,,1,71,,8642,54,4,,1,30,,8644,54,4,,1,69,,8647,54,4,,1,30,,8649,54,4,,1,71,,8651,54,4,,1,30,,8643,54,4,,1,70,,8645,54,4,,1,30,,8648,54,4,,1,69,,8650,54,4,,1,27,,8652,54,4,,1,68,,8654,54,4,,1,30,,8653,54,4,,1,71,,8646,54,4,,1,29,,8655,54,4,,1
1200000200,'69',733,,8656,32,4,,1,87,,8657,32,4,,1
1200000300,'51',635,,8806,50,4,,1,18,,8809,50,4,,1,59,,8811,50,4,,1,13,,8815,50,4,,1,10,,8808,50,4,,1,10,,8816,50,4,,1,10,,8817,50,4,,1,49,,8812,50,4,,1,15,,8820,50,4,,1,14,,8822,50,4,,1,14,,8807,50,4,,1,56,,8818,52,4,,1,14,,8810,52,4,,1,13,,8805,52,4,,1,14,,8813,52,4,,1,15,,8819,52,4,,1,61,,8821,52,4,,1,20,,8824,52,4,,1,60,,8823,52,4,,1,20,,8826,52,4,,1,20,,8814,52,4,,1,60,,8828,52,4,,1,22,,8830,52,4,,1,20,,8825,52,4,,1,60,,8831,52,4,,1,20,,8827,52,4,,1,18,,8833,52,4,,1,60,,8829,52,4,,1,19,,8834,52,4,,1,20,,8836,52,4,,1,19,,8832,52,4,,1,65,,8838,52,4,,1,31,,8840,54,4,,1,68,,8835,54,4,,1,29,,8837,54,4,,1,71,,8841,54,4,,1,30,,8839,54,4,,1,73,,8842,54,4,,1,23,,8844,52,4,,1,65,,8843,52,4,,1,21,,8850,52,4,,1,70,,8852,52,4,,1,32,,8853,52,4,,1,73,,8855,52,4,,1
1200000300,'52',715,,8856,52,4,,1,30,,8860,52,4,,1,71,,8862,52,4,,1,31,,8864,52,4,,1,70,,8857,52,4,,1,31,,8861,52,4,,1,69,,8863,52,4,,1,31,,8865,52,4,,1,71,,8858,52,4,,1,31,,8869,52,4,,1,71,,8859,52,4,,1,30,,8866,52,4,,1,71,,8867,52,4,,1,30,,8870,52,4,,1,70,,8872,52,4,,1,30,,8874,52,4,,1,70,,8868,52,4,,1,30,,8871,52,4,,1,70,,8873,52,4,,1,28,,8875,52,4,,1,70,,8876,52,4,,1,30,,8878,52,4,,1,69,,8879,52,4,,1,29,,8881,52,4,,1
1200000300,'53',745,,8886,52,4,,1,71,,8888,52,4,,1,31,,8891,52,4,,1,70,,8893,52,4,,1,31,,8887,52,4,,1,69,,8889,52,4,,1,31,,8892,52,4,,1,71,,8894,52,4,,1,31,,8896,52,4,,1,71,,8890,52,4,,1,30,,8898,52,4,,1,71,,8895,52,4,,1,30,,8897,52,4,,1,70,,8900,52,4,,1,30,,8899,52,4,,1,70,,8904,52,4,,1,30,,8907,52,4,,1,70,,8901,52,4,,1,28,,8909,52,4,,1,70,,8905,52,4,,1,30,,8908,52,4,,1,69,,8902,52,4,,1,29,,8910,52,4,,1
1200000400,'51',727,,9024,56,4,,1,18,,9025,56,4,,1,56,,9026,56,4,,1,15,,9023,56,4,,1
