1300,'51',641,,7864,32,,,2,71,,7867,32,,,2,20,,7866,32,,,2,83,,7868,32,,,2,41,,7865,32,,,2,750,,7869,32,,,2,98,,7872,32,,,2,13,,7870,32,,,2,39,,7873,32,,,2,65,,7871,32,,,2
1300,'67',859,,7874,27,,,2
11100,'66',734,,8291,51,,,2
22500,'62',843,,8374,36,4,,2
23500,'62',841,,8382,53,4,,2
23600,'62',841,,8384,33,4,,2
24500,'62',842,,8390,26,4,,2
35500,'62',841,,8405,47,4,,2
37500,'62',841,,8407,34,4,,2
38500,'62',838,,8417,32,4,,2
1001101,'51',609,,8427,25,,,1,30,,8424,25,,,1,71,,8428,25,,,1,33,,8425,25,,,1,64,,8421,25,,,1,41,,8426,25,,,1,82,,8430,25,,,1,70,,8429,25,,,1,35,,8431,25,,,1,70,,8435,25,,,1,35,,8432,25,,,1,70,,8436,25,,,1,33,,8433,25,,,1,70,,8440,25,,,1,37,,8434,25,,,1,70,,8442,25,,,1,88,,8437,25,,,1,32,,8438,25,,,1,84,,8441,25,,,1,26,,8439,25,,,1,62,,8443,25,,,1,27,,8445,25,,,1,74,,8444,25,,,1,29,,8446,25,,,1,71,,8447,25,,,1,100,,8448,25,,,1,99,,8449,25,,,1,100,,8450,25,,,1
1001101,'52',809,,8453,25,,,1,102,,8454,25,,,1,101,,8455,25,,,1,100,,8456,25,,,1,98,,8457,25,,,1,100,,8460,25,,,1,102,,8458,25,,,1,100,,8459,25,,,1,99,,8461,25,,,1,101,,8462,25,,,1,99,,8463,25,,,1,100,,8464,25,,,1,99,,8465,25,,,1,100,,8466,25,,,1,100,,8467,25,,,1
1001101,'53',1012,,8472,25,,,1,100,,8469,25,,,1,98,,8470,25,,,1,100,,8473,25,,,1,102,,8474,25,,,1,100,,8475,25,,,1,99,,8476,25,,,1,101,,8477,25,,,1,99,,8478,25,,,1
