13100,'64',743,,8305,59,,,2
32501,'63',1619,,8399,21,,,2
34501,'63',1622,,8401,18,,,2
5004200,'61',655,,8511,11,,,2
1200000101,'51',1541,,8526,37,,,1,72,,8527,37,,,1,31,,8528,37,,,1,71,,8529,37,,,1
1200000200,'51',543,,8533,11,,,1,15,,8531,33,,,1,55,,8535,33,,,1,8,,8539,11,,,1,7,,8537,33,,,1,8,,8542,11,,,1,9,,8538,33,,,1,55,,8540,33,,,1,16,,8544,33,,,1,17,,8530,33,,,1,15,,8545,33,,,1,55,,8534,33,,,1,14,,8541,33,,,1,14,,8532,33,,,1,15,,8543,33,,,1,59,,8536,33,,,1,14,,8549,33,,,1,17,,8548,33,,,1,17,,8551,33,,,1,54,,8547,33,,,1,15,,8546,33,,,1,15,,8552,33,,,1,15,,8554,33,,,1,55,,8555,33,,,1,15,,8556,33,,,1,15,,8550,33,,,1,15,,8557,33,,,1,55,,8558,33,,,1,15,,8559,33,,,1,16,,8560,33,,,1,15,,8561,33,,,1,55,,8553,33,,,1,15,,8562,33,,,1,14,,8564,33,,,1,15,,8565,33,,,1,55,,8566,33,,,1,21,,8563,33,,,1,12,,8568,33,,,1,16,,8571,33,,,1,55,,8572,33,,,1,15,,8574,33,,,1,12,,8567,33,,,1,14,,8575,33,,,1,55,,8570,33,,,1,15,,8577,33,,,1,9,,8581,20,,,1,8,,8579,33,,,1,12,,8583,33,,,1,55,,8569,33,,,1,17,,8582,33,,,1,14,,8584,33,,,1,15,,8573,33,,,1,54,,8576,33,,,1,15,,8578,33,,,1,15,,8585,33,,,1,15,,8580,33,,,1,70,,8588,33,,,1,30,,8587,33,,,1,70,,8592,33,,,1,30,,8586,33,,,1,69,,8594,33,,,1,32,,8589,33,,,1,70,,8591,33,,,1,32,,8593,33,,,1,66,,8595,33,,,1,30,,8590,33,0,14,1
1200000200,'52',721,,8599,33,,,1,30,,8598,33,,,1,71,,8602,33,,,1,30,,8596,33,,,1,70,,8601,33,,,1,30,,8600,33,,,1,70,,8604,33,,,1,30,,8603,33,,,1,70,,8597,33,,,1,31,,8607,33,,,1,70,,8608,33,,,1,30,,8605,33,,,1,70,,8606,33,,,1,30,,8611,33,,,1,70,,8610,33,,,1,30,,8609,33,,,1,70,,8614,33,,,1,30,,8616,33,,,1,70,,8612,33,,,1,30,,8619,33,,,1,70,,8618,33,,,1,30,,8615,33,,,1,69,,8617,33,,,1,28,,8622,33,,,1,70,,8613,33,,,1,31,,8620,33,,,1,69,,8623,33,,,1,29,,8625,33,,,1,70,,8624,33,,,1,30,,8628,33,,,1,70,,8621,33,,,1,30,,8626,33,,,1,70,,8627,33,,,1
1200000200,'53',721,,8629,33,,,1,30,,8630,33,,,1,71,,8631,33,,,1,30,,8632,33,,,1,70,,8634,33,,,1,30,,8638,33,,,1,70,,8636,33,,,1,30,,8640,33,,,1,70,,8637,33,,,1,31,,8635,33,,,1,70,,8639,33,,,1,30,,8641,33,,,1,70,,8633,33,,,1,30,,8642,33,,,1,70,,8644,33,,,1,30,,8647,33,,,1,70,,8649,33,,,1,30,,8651,33,,,1,70,,8643,33,,,1,30,,8645,33,,,1,70,,8648,33,,,1,30,,8650,33,,,1,69,,8652,33,,,1,28,,8654,33,,,1,70,,8653,33,,,1,31,,8646,33,,,1,69,,8655,33,,,1
1200000200,'69',657,,8656,11,,,1,87,,8657,11,,,1
1200000400,'51',652,,9024,35,,,1,56,,9025,35,,,1,16,,9026,35,,,1,16,,9023,35,,,1
