1300,'51',632,,7864,19,,,2,70,,7867,19,,,2,20,,7866,19,,,2,83,,7868,19,,,2,41,,7865,19,,,2,710,,7869,19,,,2,98,,7872,19,,,2,54,,7870,19,,,2,40,,7873,19,,,2,65,,7871,19,,,2
1300,'67',849,,7874,14,,,2
1501,'51',1215,,7894,7,,,2,101,,7895,7,,,2,96,,7896,7,,,2,33,,7897,7,,,2,94,,7899,24,0,34 35 6 41,2,86,,7898,24,0,34 35 6 41,2,16,,7901,24,0,34 35 6 41,2,71,,7904,24,,,2,35,,7903,24,0,34 35 6 41,2,77,,7900,7,,,2,76,,7902,7,,,2,105,,7905,7,,,2,106,,7906,7,,,2,42,,7907,7,,,2
1501,'68',1643,,7908,9,,,2
1601,'51',636,,7919,24,0,34 35 6 41,2,79,,7920,24,0,34 35 6 41,2,33,,7921,24,0,34 35 6 41,2,171,,7922,24,,,2,96,,7923,7,,,2,100,,7924,7,0,34 35 6 41,2
13101,'65',1537,,8306,43,,,2
20000,'51',920,,8323,20,,,2,28,,8321,20,,,2,66,,8320,20,,,2,29,,8322,20,,,2,1094,,8324,8,,,2,218,,8325,8,,,2
20000,'52',1909,,8326,8,,,2,445,,8327,8,,,2
21000,'51',1152,,8336,26,,,2,80,,8337,26,,,2,85,,8335,26,,,2,417,,8340,26,,,2,69,,8339,26,,,2,27,,8338,26,,,2,81,,8342,26,,,2,131,,8341,26,,,2
21000,'52',1251,,8343,26,,,2,173,,8344,26,,,2,231,,8345,26,,,2,71,,8346,26,,,2,322,,8347,26,,,2
21000,'53',1117,,8348,26,,,2,103,,8350,26,,,2,133,,8349,26,,,2,102,,8351,26,,,2,70,,8352,26,,,2
35000,'51',911,,8402,7,,,2
38000,'51',1706,,8409,21,,,2,43,,8410,21,,,2,84,,8411,21,,,2
1200000100,'51',653,,8518,76,0,34 35 6 31,1,71,,8519,76,0,34 35 6 31,1,22,,8520,76,0,34 35 6 31,1,69,,8523,76,0,16 1 17,1,29,,8521,76,0,34 35 6 31,1
2000001501,'52',802,,9087,7,,,2,101,,9088,7,,,2,100,,9089,7,,,2,102,,9090,7,,,2,101,,9091,7,,,2,101,,9092,7,,,2,151,,9093,7,,,2,142,,9094,7,,,2,104,,9095,7,,,2,98,,9096,7,,,2,56,,9097,7,,,2
2000001501,'53',903,,9098,7,,,2,100,,9099,7,,,2,102,,9100,7,,,2,101,,9101,7,,,2,101,,9102,7,,,2,151,,9103,7,,,2,142,,9104,7,,,2,104,,9105,7,,,2,98,,9106,7,,,2,56,,9107,7,,,2
