2200,'51',603,,7925,15,,,2,27,,7941,53,,,2,22,,7926,15,,,2,70,,7942,15,,,2,26,,7944,53,,,2,83,,7943,15,0,14 1 15,2,88,,7927,15,,,2,35,,7931,15,,,2,72,,7928,15,,,2,32,,7932,15,,,2,70,,7929,15,,,2,30,,7933,15,,,2,71,,7930,15,,,2,30,,7934,15,,,2,70,,7945,15,,,2,30,,7935,15,,,2,69,,7946,15,,,2,74,,7938,15,,,2,31,,7936,1,,,2,25,,7939,1,,,2,148,2,7937,1,,,2,34,5,7947,1,,,2,100,,7940,1,,,2
2201,'51',1533,,7960,45,4,,2,25,,7962,45,4,,2,55,,7971,45,4,,2,91,,7972,49,4,,2,31,,7973,45,4,,2,74,,7961,45,4,,2,31,,7963,45,4,,2,65,,7974,45,4,,2,24,,7964,45,4,,2
2201,'68',1704,,7975,49,4,,2
21000,'51',1136,,8336,20,,,2,79,,8337,20,,,2,85,,8335,20,,,2,417,,8340,20,,,2,30,,8339,20,,,2,67,,8338,20,,,2,42,,8342,20,,,2,171,,8341,20,,,2
21000,'52',1235,,8343,20,,,2,173,,8344,20,,,2,231,,8345,20,,,2,71,,8346,20,,,2,322,,8347,20,,,2
21000,'53',1101,,8348,20,,,2,103,,8350,20,,,2,133,,8349,20,,,2,102,,8351,20,,,2,70,,8352,20,,,2
21001,'51',544,,8353,13,,,2,69,,8354,13,,,2,16,,8355,13,,,2,22,,8356,13,,,2,595,,8357,13,,,2,79,,8358,13,,,2,104,,8359,13,,,2,27,,8360,13,,,2,564,,8361,13,,,2
21001,'52',623,,8362,13,,,2,131,,8363,13,,,2,302,,8364,13,,,2,670,,8365,13,,,2,30,,8366,13,,,2
21001,'53',653,,8367,13,,,2,70,,8368,13,,,2,31,,8369,13,,,2
22100,'64',712,,8370,15,,,2
22101,'65',1548,,8371,43,4,,2
22500,'62',819,,8374,29,,,2
22501,'63',1657,,8375,21,,,2
22900,'67',847,,8376,15,,,2
22901,'68',1646,,8377,22,4,,2
2000002200,'51',644,,9108,62,0,18 19 20,2,90,,9110,34,0,18 19 20,2,100,,9112,34,0,18 19 20,2
