1500,'51',601,,7883,29,0,29,2,32,,7885,29,0,29,2,69,,7887,29,0,29,2,21,,7884,32,0,29,2,79,,7886,32,0,29,2,41,,7888,32,0,10 11,2,112,,7889,29,0,12 13,2,100,,7890,29,0,12 13,2,100,,7891,32,0,12 13,2,101,,7892,28,0,12 13,2
1500,'67',842,,7893,17,0,10 11,2
1600,'51',1352,,7909,13,0,12 13,2,96,,7910,13,0,12 13,2,76,,7911,13,0,29,2,100,,7912,16,0,29,2,78,,7916,16,0,29,2,27,,7914,16,0,29,2,99,,7917,16,0,12 13,2,108,,7915,13,0,12 13,2,107,,7918,13,0,12 13,2
15500,'62',834,,8315,17,,,2
15600,'62',831,,8316,20,,,2
20000,'51',918,,8323,16,,,2,28,,8321,16,,,2,66,,8320,16,,,2,29,,8322,16,,,2,1095,,8324,4,,,2,218,,8325,4,,,2
20000,'52',1908,,8326,4,,,2,445,,8327,4,,,2
21000,'51',1151,,8336,22,,,2,80,,8337,22,,,2,85,,8335,22,,,2,417,,8340,22,,,2,69,,8339,22,,,2,27,,8338,22,,,2,81,,8342,22,,,2,131,,8341,22,,,2
21000,'52',1250,,8343,22,,,2,173,,8344,22,,,2,231,,8345,22,,,2,71,,8346,22,,,2,322,,8347,22,,,2
21000,'53',1116,,8348,22,,,2,103,,8350,22,,,2,133,,8349,22,,,2,102,,8351,22,,,2,70,,8352,22,,,2
35000,'51',910,,8402,3,,,2
38000,'51',1704,,8409,17,,,2,43,,8410,17,,,2,84,,8411,17,,,2
2000001500,'52',748,,9066,29,,,2,101,,9067,28,,,2,100,,9068,28,,,2,94,,9069,28,,,2,109,,9070,28,,,2,101,,9071,28,,,2,191,,9072,29,,,2,102,,9073,28,,,2,96,,9074,28,,,2,106,,9075,28,,,2,96,,9076,28,,,2
2000001500,'53',849,,9077,29,,,2,100,,9078,28,,,2,94,,9079,28,,,2,109,,9080,28,,,2,101,,9081,28,,,2,191,,9082,29,,,2,102,,9083,28,,,2,96,,9084,28,,,2,106,,9085,28,,,2,96,,9086,28,,,2
