2300,'51',549,,7994,1,,,2,273,5,7997,1,0,14 1 15,2,33,,7976,1,,,2,76,4,7979,1,,,2,70,45,7977,1,,,2,31,,7980,1,,,2,70,,7978,1,,,2,30,,7981,1,,,2,78,,7983,1,,,2,30,2,7982,1,,,2,70,,7984,1,,,2,30,,7986,1,,,2,72,3,7985,1,,,2,33,6,7987,1,,,2,70,,7996,1,,,2,116,,7998,1,,,2,75,3,7995,1,,,2,28,17,7988,1,,,2,73,,7990,1,,,2,27,,7989,1,,,2,78,,7991,1,,,2,102,,7992,1,,,2,95,5,7993,1,,,2
2300,'52',627,,7999,1,,,2,100,13,8000,1,,,2,101,14,8001,1,,,2,101,14,8002,1,,,2,101,14,8003,1,,,2,101,14,8004,1,,,2,101,,8005,1,,,2,107,14,8006,1,,,2,100,14,8007,1,,,2,100,14,8008,1,,,2,101,15,8009,1,,,2,88,2,8010,1,,,2
2300,'53',727,,8011,1,,,2,101,14,8012,1,,,2,101,14,8013,1,,,2,101,14,8014,1,,,2,101,14,8015,1,,,2,101,,8016,1,,,2,107,14,8017,1,,,2,100,14,8018,1,,,2,100,14,8019,1,,,2,101,15,8020,1,,,2,88,2,8021,1,,,2
2301,'51',637,,8041,36,4,,2,70,,8045,36,4,,2,110,,8046,36,4,,2,38,,8023,36,4,,2,72,,8027,36,4,,2,29,,8024,36,4,,2,75,,8028,36,4,,2,71,,8025,36,4,,2,30,,8029,36,4,,2,76,,8026,49,,,2,30,,8030,49,4,,2,71,,8031,49,4,,2,30,,8033,49,4,,2,70,,8032,49,4,,2,30,,8034,49,4,,2,74,,8044,49,,,2,42,,8042,49,,,2,148,,8043,53,4,,2,103,,8036,49,4,,2,28,,8035,49,4,,2,78,,8037,49,4,,2,102,,8038,49,4,,2,90,,8039,49,4,,2,114,,8040,49,,,2
2301,'52',714,,8047,36,4,,2,100,,8048,36,4,,2,101,,8049,36,4,,2,101,,8050,36,4,,2,101,,8051,36,4,,2,107,,8052,49,,,2,101,,8053,49,4,,2,100,,8054,49,4,,2,100,,8055,49,4,,2,100,,8056,49,4,,2,101,,8057,49,4,,2,97,,8058,49,,,2
2301,'53',814,,8059,36,4,,2,101,,8060,36,4,,2,101,,8061,36,4,,2,101,,8062,36,4,,2,107,,8063,49,,,2,101,,8064,49,4,,2,100,,8065,49,4,,2,100,,8066,49,4,,2,100,,8067,49,4,,2,101,,8068,49,4,,2,97,,8069,49,,,2
23100,'64',705,,8378,13,,,2
23101,'65',1545,,8379,60,,,2
23500,'62',758,,8382,13,,,2
23501,'63',1702,,8383,34,,,2
5002300,'51',613,,8479,1,,,2,25,,8481,1,,,2,69,,8482,1,,,2,31,6,8480,1,,,2
5002301,'51',1631,,8486,59,4,,2,86,,8484,59,4,,2,25,,8483,59,,,2,109,,8485,59,,,2
