3101,'51',626,,8078,9,,,2,74,,8080,9,,,2,102,,8081,9,,,2,105,,8082,9,,,2,100,,8083,9,,,2,100,,8084,9,,,2,104,,8086,9,,,2,102,,8085,9,,,2,101,,8087,9,,,2,101,,8088,9,,,2,97,,8089,9,,,2,31,,8093,9,,,2,70,,8090,9,,,2,33,,8091,9,,,2,69,,8094,9,,,2,28,,8092,9,,,2,72,,8095,9,,,2,295,,8096,9,0,8,2
3701,'51',537,,8188,2,,,2,185,,8189,9,0,32 1 33,2,105,,8190,9,,,2,102,,8191,9,,,2,98,,8192,9,,,2,102,,8193,9,,,2,113,,8194,9,,,2,102,,8195,9,,,2,102,,8196,9,,,2,156,,8197,9,,,2,141,,8198,9,,,2,71,,8199,9,,,2,101,,8200,9,,,2,97,,8201,9,,,2,97,,8202,9,,,2,101,,8203,9,,,2,100,,8204,9,,,2,28,,8205,9,,,2
3701,'52',652,,8206,9,,,2,100,,8207,9,,,2,101,,8208,9,,,2,102,,8209,9,,,2,101,,8210,9,,,2,156,,8211,9,,,2,100,,8212,9,,,2,102,,8213,9,,,2,100,,8214,9,,,2,100,,8215,9,,,2,102,,8216,9,,,2,98,,8222,9,,,2,98,,8223,9,,,2,96,,8217,9,,,2,100,,8218,9,,,2,101,,8219,9,,,2,98,,8220,9,,,2,28,,8221,9,,,2
3701,'53',752,,8224,9,,,2,101,,8225,9,,,2,102,,8226,9,,,2,101,,8227,9,,,2,156,,8228,9,,,2,100,,8229,9,,,2,102,,8230,9,,,2,100,,8231,9,,,2,100,,8232,9,,,2,102,,8233,9,,,2,98,,8234,9,,,2,98,,8235,9,,,2
3901,'51',1629,,8282,9,,,2,84,,8283,9,,,2,45,,8284,9,,,2
31101,'65',1522,,8393,16,,,2
35101,'65',1522,,8404,16,,,2
35501,'63',1640,,8406,10,0,9 1 43,2
38001,'51',618,,8413,14,,,2,31,,8414,14,,,2
38101,'65',1523,,8416,16,,,2
38501,'63',1644,,8418,10,,,2
5003700,'51',610,,8501,9,,,2,20,,8502,9,,,2,75,,8504,9,,,2,31,,8505,9,,,2,68,,8503,9,,,2
5003701,'51',1620,,8507,29,,,2,104,,8506,29,,,2,114,,8508,29,,,2
2000003101,'52',733,,9119,9,,,2,102,,9120,9,,,2,102,,9121,9,,,2,100,,9122,9,,,2,100,,9123,9,,,2,102,,9124,9,,,2,201,,9125,9,,,2,101,,9126,9,,,2,100,,9127,9,,,2,101,,9128,9,,,2,98,,9129,9,0,8,2
2000003101,'53',835,,9131,9,,,2,102,,9132,9,,,2,100,,9133,9,,,2,100,,9134,9,,,2,102,,9135,9,,,2,201,,9136,9,,,2,101,,9137,9,,,2,100,,9138,9,,,2,101,,9139,9,,,2,98,,9140,9,0,8,2
