1501,'51',1211,4,7894,1,,,2,101,4,7895,1,,,2,96,4,7896,1,,,2,33,,7897,1,,,2,94,,7899,18,0,34 35 6 41,2,85,,7898,18,0,34 35 6 41,2,16,,7901,18,0,34 35 6 41,2,71,,7904,18,,,2,36,,7903,18,0,34 35 6 41,2,77,16,7900,1,,,2,36,13,7902,1,,,2,145,45,7905,1,,,2,106,51,7906,1,,,2,42,4,7907,1,,,2
1501,'68',1638,,7908,3,,,2
1601,'51',631,,7919,18,0,34 35 6 41,2,79,,7920,18,0,34 35 6 41,2,33,,7921,18,0,34 35 6 41,2,172,,7922,18,,,2,96,4,7923,1,,,2,100,,7924,1,0,34 35 6 41,2
13901,'68',1630,,8314,5,,,2
5004200,'61',647,,8511,1,,,2
1200000200,'51',535,,8533,1,,,1,15,,8531,23,,,1,55,,8535,23,,,1,8,,8539,1,,,1,7,,8537,23,,,1,7,,8542,1,,,1,9,,8538,23,,,1,15,,8540,23,,,1,55,,8544,23,,,1,17,,8530,23,,,1,15,,8545,23,,,1,16,,8534,23,,,1,54,,8541,23,,,1,14,,8532,23,,,1,15,,8543,23,,,1,19,,8536,23,,,1,54,,8549,23,,,1,17,,8548,23,,,1,17,,8551,23,,,1,14,,8547,23,,,1,55,,8546,23,,,1,15,,8552,23,,,1,15,,8554,23,,,1,15,,8555,23,,,1,55,,8556,23,,,1,15,,8550,23,,,1,15,,8557,23,,,1,15,,8558,23,,,1,55,,8559,23,,,1,16,,8560,23,,,1,15,,8561,23,,,1,15,,8553,23,,,1,55,,8562,23,,,1,14,,8564,23,,,1,15,,8565,23,,,1,15,,8566,23,,,1,61,,8563,23,,,1,12,,8568,23,,,1,15,,8571,23,,,1,55,,8572,23,,,1,15,,8574,23,,,1,12,,8567,23,,,1,14,,8575,23,,,1,15,,8570,23,,,1,54,,8577,23,,,1,8,,8581,10,,,1,8,,8579,23,,,1,14,,8583,23,,,1,15,,8569,23,,,1,57,,8582,23,,,1,15,,8584,23,,,1,15,,8573,23,,,1,15,,8576,23,,,1,55,,8578,23,,,1,15,,8585,23,,,1,15,,8580,23,,,1,70,,8588,23,,,1,30,,8587,23,,,1,70,,8592,23,,,1,30,,8586,23,,,1,69,,8594,23,,,1,32,,8589,23,,,1,70,,8591,23,,,1,32,,8593,23,,,1,67,,8595,23,,,1,30,,8590,23,0,14,1
1200000200,'52',713,,8599,23,,,1,30,,8598,23,,,1,70,,8602,23,,,1,30,,8596,23,,,1,70,,8601,23,,,1,30,,8600,23,,,1,70,,8604,23,,,1,30,,8603,23,,,1,70,,8597,23,,,1,30,,8607,23,,,1,70,,8608,23,,,1,30,,8605,23,,,1,70,,8606,23,,,1,30,,8611,23,,,1,70,,8610,23,,,1,30,,8609,23,,,1,70,,8614,23,,,1,30,,8616,23,,,1,70,,8612,23,,,1,30,,8619,23,,,1,70,,8618,23,,,1,31,,8615,23,,,1,69,,8617,23,,,1,29,,8622,23,,,1,70,,8613,23,,,1,31,,8620,23,,,1,69,,8623,23,,,1,29,,8625,23,,,1,70,,8624,23,,,1,30,,8628,23,,,1,70,,8621,23,,,1,30,,8626,23,,,1,70,,8627,23,,,1
1200000200,'53',713,,8629,23,,,1,30,,8630,23,,,1,70,,8631,23,,,1,30,,8632,23,,,1,70,,8634,23,,,1,30,,8638,23,,,1,70,,8636,23,,,1,30,,8640,23,,,1,70,,8637,23,,,1,30,,8635,23,,,1,70,,8639,23,,,1,30,,8641,23,,,1,70,,8633,23,,,1,30,,8642,23,,,1,70,,8644,23,,,1,30,,8647,23,,,1,70,,8649,23,,,1,30,,8651,23,,,1,70,,8643,23,,,1,30,,8645,23,,,1,70,,8648,23,,,1,31,,8650,23,,,1,69,,8652,23,,,1,29,,8654,23,,,1,70,,8653,23,,,1,31,,8646,23,,,1,69,,8655,23,,,1
1200000200,'69',648,,8656,1,,,1,86,,8657,1,,,1
1200000400,'51',643,,9024,25,,,1,15,,9025,25,,,1,56,,9026,25,,,1,16,,9023,25,,,1
2000001501,'52',758,,9087,1,,,2,101,,9088,1,,,2,100,,9089,1,,,2,142,48,9090,1,,,2,101,,9091,1,,,2,101,,9092,1,,,2,151,,9093,1,,,2,102,,9094,1,,,2,144,48,9095,1,,,2,58,,9096,1,,,2,96,,9097,1,,,2
2000001501,'53',859,,9098,1,,,2,100,,9099,1,,,2,142,48,9100,1,,,2,101,,9101,1,,,2,101,,9102,1,,,2,151,,9103,1,,,2,102,,9104,1,,,2,144,48,9105,1,,,2,58,,9106,1,,,2,96,,9107,1,,,2
