3400,'51',1512,12,8101,1,,,2
3401,'51',759,,8108,24,,,2
3701,'51',755,,8189,55,4,,2
3800,'51',1512,12,8243,1,,,2
11100,'66',757,,8291,75,4,,2
11101,'65',1511,53,8292,1,,,2
13100,'64',800,,8305,78,4,,2
13101,'65',1511,53,8306,1,,,2
22100,'64',742,,8370,42,4,,2
22101,'65',1510,54,8371,1,,,2
22200,'64',740,,8372,38,4,,2
22201,'65',1510,54,8373,1,,,2
23100,'64',749,,8378,75,4,,2
23101,'65',1510,54,8379,1,,,2
23200,'64',740,,8380,42,4,,2
23201,'65',1510,54,8381,1,,,2
24100,'64',737,,8386,24,4,,2
24101,'65',1510,54,8387,1,,,2
24200,'64',740,,8388,26,4,,2
24201,'65',1510,54,8389,1,,,2
31100,'64',800,,8392,66,4,,2
31101,'65',1512,12,8393,1,,,2
35100,'64',742,,8403,52,4,,2
35101,'65',1512,12,8404,1,,,2
38100,'64',746,,8415,57,4,,2
38101,'65',1512,12,8416,1,,,2
