3400,'51',610,,8098,11,,,2,114,,8099,13,,,2,77,,8097,11,,,2,36,,8100,13,0,24 1 15,2,677,,8101,2,,,2,41,,8103,11,,,2,104,,8102,13,,,2,69,,8104,13,,,2,88,,8105,13,,,2
3800,'51',1514,,8243,4,,,2
22101,'65',1512,,8371,4,,,2
22201,'65',1512,,8373,4,,,2
23101,'65',1512,,8379,4,,,2
23201,'65',1512,,8381,4,,,2
24101,'65',1511,,8387,4,,,2
24201,'65',1511,,8389,4,,,2
31101,'65',1514,,8393,4,,,2
32501,'63',1626,,8399,29,,,2
35101,'65',1514,,8404,4,,,2
38101,'65',1514,,8416,4,,,2
5003400,'51',633,,8494,11,,,2,22,,8493,11,,,2
2000003400,'52',717,,9141,11,,,2,84,,9142,13,,,2,47,,9143,13,,,2,86,,9144,13,,,2,84,,9145,13,,,2,86,,9146,13,,,2,45,,9147,13,,,2,87,,9148,13,,,2,171,,9149,13,,,2,43,,9150,13,,,2,87,,9151,13,,,2,83,,9152,13,,,2,90,,9153,13,,,2,42,,9154,13,,,2,84,,9155,13,,,2
2000003400,'53',759,,9156,11,,,2,89,,9157,13,,,2,86,,9158,13,,,2,84,,9159,13,,,2,86,,9160,13,,,2,45,,9161,13,,,2,87,,9162,13,,,2,171,,9163,13,,,2,43,,9164,13,,,2,87,,9165,13,,,2,83,,9166,13,,,2,90,,9167,13,,,2,42,,9168,13,,,2,84,,9169,13,,,2
