1100,'51',606,,7809,1,,,1,25,,7806,74,,,1,74,,7810,74,,,1,29,,7807,74,,,1,74,,7811,74,,,1,30,,7808,74,,,1,18,,7812,74,,,1,69,,7814,74,,,1,34,,7813,74,,,1,70,,7815,74,,,1,75,,7818,74,,,1,30,,7816,74,,,1,73,,7819,74,,,1,30,,7817,74,,,1,77,,7820,74,,,1,30,,7821,74,,,1,88,,7822,74,,,1,71,,7824,74,,,1,36,,7823,74,,,1,71,,7825,74,,,1,42,,7827,75,,,1,62,,7826,74,,,1,22,,7829,74,,,1,66,,7828,74,,,1,36,,7830,74,,,1,68,,7832,74,,,1,30,,7831,74,,,1,100,,7833,74,,,1,100,,7834,74,,,1,100,,7835,74,,,1,100,,7836,74,,,1
1100,'52',734,,7837,74,,,1,102,,7838,74,,,1,99,,7839,74,,,1,102,,7840,74,,,1,100,,7841,74,,,1,100,,7842,74,,,1,101,,7843,74,,,1,99,,7844,74,,,1,100,,7845,74,,,1,100,,7846,74,,,1,99,,7847,74,,,1,100,,7848,74,,,1,99,,7849,74,,,1,100,,7850,74,,,1,100,,7852,74,,,1,100,,7853,74,,,1,100,,7851,74,,,1
1100,'53',935,,7854,74,,,1,102,,7855,74,,,1,100,,7856,74,,,1,100,,7857,74,,,1,101,,7858,74,,,1,99,,7859,74,,,1,100,,7860,74,,,1,100,,7861,74,,,1,99,,7862,74,,,1,100,,7863,74,,,1
15801,'68',1627,,8319,5,,,2
20001,'51',548,,8328,4,0,14,2,60,,8329,4,0,14,2,816,,8330,4,0,36 37,2,29,,8331,4,0,36 37,2
20001,'52',619,,8332,4,0,36 37,2,19,,8333,4,0,14,2,9,,8334,4,0,36 37,2
21001,'51',528,,8353,4,,,2,27,,8354,4,,,2,55,,8355,4,,,2,13,,8356,4,,,2,604,,8357,4,,,2,79,,8358,4,,,2,104,,8359,4,,,2,27,,8360,4,,,2,567,,8361,4,,,2
21001,'52',605,,8362,4,,,2,131,,8363,4,,,2,302,,8364,4,,,2,670,,8365,4,,,2,30,,8366,4,,,2
21001,'53',635,,8367,4,,,2,70,,8368,4,,,2,31,,8369,4,,,2
38001,'51',523,,8412,4,,,2,80,,8413,4,,,2,28,,8414,4,,,2
1200000101,'51',1524,,8526,20,,,1,31,,8527,20,,,1,70,,8528,20,,,1,34,,8529,20,,,1
