2201,'51',628,,7949,5,,,2,28,,7965,5,0,23,2,70,,7950,5,0,23,2,25,,7967,5,,,2,68,,7969,5,,,2,26,,7966,5,,,2,66,,7968,5,,,2,42,,7951,5,,,2,77,,7955,5,,,2,72,,7952,5,,,2,30,,7956,5,,,2,70,,7953,5,,,2,31,,7957,5,,,2,70,,7954,5,,,2,30,,7958,5,,,2,70,,7970,5,,,2,30,,7959,5,,,2,75,,7960,5,,,2,25,,7962,5,,,2,15,,7971,5,,,2,91,,7972,9,,,2,71,,7973,5,,,2,35,,7961,5,,,2,72,,7963,5,,,2,25,,7974,5,,,2,64,,7964,5,,,2
2201,'68',1639,,7975,9,,,2
2301,'51',622,,8041,5,,,2,30,,8045,5,,,2,150,,8046,5,,,2,38,,8023,5,,,2,72,,8027,5,,,2,29,,8024,5,,,2,75,,8028,5,,,2,31,,8025,5,,,2,70,,8029,5,,,2,30,,8026,5,,,2,70,,8030,5,,,2,31,,8031,5,,,2,70,,8033,5,,,2,30,,8032,5,,,2,70,,8034,5,,,2,34,,8044,5,,,2,82,,8042,5,,,2,106,,8043,9,,,2,104,,8036,5,,,2,69,,8035,5,,,2,38,,8037,5,,,2,102,,8038,5,,,2,90,,8039,5,,,2,114,,8040,5,,,2
2301,'52',659,,8047,5,,,2,100,,8048,5,,,2,141,,8049,5,,,2,101,,8050,5,,,2,101,,8051,5,,,2,101,,8052,5,,,2,101,,8053,5,,,2,100,,8054,5,,,2,100,,8055,5,,,2,100,,8056,5,,,2,101,,8057,5,,,2,97,,8058,5,,,2
2301,'53',759,,8059,5,,,2,141,,8060,5,,,2,101,,8061,5,,,2,101,,8062,5,,,2,101,,8063,5,,,2,101,,8064,5,,,2,100,,8065,5,,,2,100,,8066,5,,,2,100,,8067,5,,,2,101,,8068,5,,,2,97,,8069,5,,,2
2301,'68',1640,,8070,9,,,2
22101,'65',1525,,8371,18,,,2
22201,'65',1524,,8373,17,,,2
22500,'62',758,,8374,2,,,2
23101,'65',1523,,8379,18,,,2
23201,'65',1528,,8381,26,,,2
5002301,'51',1607,,8486,15,,,2,46,,8484,15,,,2,66,,8483,15,,,2,110,,8485,15,,,2
5002401,'51',1608,,8492,15,,,2,46,,8490,15,,,2,65,,8491,15,,,2
5004301,'61',1648,,8514,10,0,14 1 18 19 20,2,95,,8516,10,0,14 1 18 19 20,2,89,,8515,10,0,14 1 18 19 20,2
1200000101,'51',1559,,8526,56,,,1,72,,8527,56,,,1,71,,8528,56,,,1,31,,8529,56,,,1
1200000301,'51',609,,8915,5,,,1,28,,8920,5,,,1,75,,8913,18,,,1,20,,8917,18,,,1,75,,8912,18,,,1,29,,8927,18,,,1,65,,8928,18,,,1,25,,8914,18,,,1,29,,8918,18,,,1,67,,8922,18,,,1,36,,8929,18,,,1,60,,8931,18,,,1,20,,8930,18,,,1,20,,8933,18,,,1,63,,8923,18,,,1,20,,8935,18,,,1,62,,8937,18,,,1,19,,8932,18,,,1,20,,8938,18,,,1,60,,8934,18,,,1,18,,8940,18,,,1,20,,8936,18,,,1,19,,8941,18,,,1,64,,8942,18,,,1,17,,8939,15,,,1,16,,8944,15,,,1,62,,8943,15,,,1,18,,8952,15,,,1,19,,8949,15,,,1,51,,8951,15,,,1,14,,8946,15,,,1,14,,8945,15,,,1,16,,8955,15,,,1,54,,8953,15,,,1,12,,8958,15,,,1,8,,8948,15,,,1,7,,8950,15,,,1,13,,8947,15,,,1,56,,8954,15,,,1,24,,8957,18,,,1,24,,8956,18,,,1,71,,8966,18,,,1,30,,8965,18,,,1,70,,8967,18,,,1,33,,8961,18,,,1,72,,8959,5,,,1,30,,8962,5,,,1,68,,8960,5,,,1,30,,8963,5,,,1,79,,8964,5,,,1
1200000301,'52',748,,8968,18,,,1,70,,8972,18,,,1,31,,8974,18,,,1,71,,8976,18,,,1,31,,8969,18,,,1,72,,8973,18,,,1,31,,8975,18,,,1,71,,8977,18,,,1,31,,8970,18,,,1,71,,8981,18,,,1,31,,8971,18,,,1,71,,8978,18,,,1,71,,8979,18,,,1,30,,8982,18,,,1,70,,8984,18,,,1,30,,8986,18,,,1,70,,8980,18,,,1,31,,8983,18,,,1,71,,8985,18,,,1,27,,8987,18,,,1,28,,8988,18,,,1,69,,8989,18,,,1,27,,8990,18,,,1,67,,8992,18,,,1,35,,8991,5,,,1,100,,8993,5,,,1,96,,8994,5,,,1,99,,8995,5,,,1,78,,8996,5,,,1,102,,8997,5,,,1
1200000301,'53',818,,8998,18,,,1,31,,9000,18,,,1,71,,9003,18,,,1,31,,9005,18,,,1,72,,8999,18,,,1,31,,9001,18,,,1,71,,9004,18,,,1,31,,9006,18,,,1,71,,9008,18,,,1,31,,9002,18,,,1,71,,9010,18,,,1,71,,9007,18,,,1,30,,9009,18,,,1,70,,9012,18,,,1,30,,9011,18,,,1,70,,9015,18,,,1,31,,9017,18,,,1,71,,9013,18,,,1,27,,9019,18,,,1,28,,9016,18,,,1,69,,9018,18,,,1,27,,9014,18,,,1,67,,9020,18,,,1,35,,9021,5,,,1,161,,9022,5,,,1
