22101,'65',1514,,8371,8,,,2
22201,'65',1514,,8373,8,,,2
23101,'65',1514,,8379,8,,,2
5003700,'51',642,,8501,60,,,2,15,,8502,53,,,2,75,,8504,53,,,2,71,,8505,53,,,2,32,,8503,60,,,2
5004200,'61',702,,8511,20,,,2
1200000101,'51',1548,,8526,46,,,1,72,,8527,46,,,1,31,,8528,46,,,1,71,,8529,46,,,1
1200000200,'51',549,,8533,20,,,1,55,,8531,42,,,1,15,,8535,42,,,1,8,,8539,20,,,1,8,,8537,42,,,1,8,,8542,20,,,1,9,,8538,42,,,1,55,,8540,42,,,1,16,,8544,42,,,1,17,,8530,42,,,1,15,,8545,42,,,1,55,,8534,42,,,1,14,,8541,42,,,1,14,,8532,42,,,1,15,,8543,42,,,1,59,,8536,42,,,1,13,,8549,42,,,1,17,,8548,42,,,1,17,,8551,42,,,1,54,,8547,42,,,1,15,,8546,42,,,1,15,,8552,42,,,1,15,,8554,42,,,1,55,,8555,42,,,1,15,,8556,42,,,1,15,,8550,42,,,1,15,,8557,42,,,1,55,,8558,42,,,1,15,,8559,42,,,1,16,,8560,42,,,1,15,,8561,42,,,1,55,,8553,42,,,1,15,,8562,42,,,1,14,,8564,42,,,1,15,,8565,42,,,1,55,,8566,42,,,1,21,,8563,42,,,1,12,,8568,42,,,1,56,,8571,42,,,1,15,,8572,42,,,1,16,,8574,42,,,1,12,,8567,42,,,1,14,,8575,42,,,1,55,,8570,42,,,1,15,,8577,42,,,1,9,,8581,29,,,1,8,,8579,42,,,1,12,,8583,42,,,1,55,,8569,42,,,1,17,,8582,42,,,1,14,,8584,42,,,1,14,,8573,42,,,1,54,,8576,42,,,1,15,,8578,42,,,1,15,,8585,42,,,1,15,,8580,42,,,1,70,,8588,42,,,1,30,,8587,42,,,1,70,,8592,42,,,1,30,,8586,42,,,1,69,,8594,42,,,1,32,,8589,42,,,1,70,,8591,42,,,1,72,,8593,42,,,1,26,,8595,42,,,1,30,,8590,42,0,14,1
1200000200,'52',727,,8599,42,,,1,30,,8598,42,,,1,71,,8602,42,,,1,30,,8596,42,,,1,70,,8601,42,,,1,30,,8600,42,,,1,70,,8604,42,,,1,30,,8603,42,,,1,70,,8597,42,,,1,31,,8607,42,,,1,70,,8608,42,,,1,30,,8605,42,,,1,70,,8606,42,,,1,71,,8611,42,,,1,30,,8610,42,,,1,29,,8609,42,,,1,70,,8614,42,,,1,30,,8616,42,,,1,70,,8612,42,,,1,30,,8619,42,,,1,70,,8618,42,,,1,30,,8615,42,,,1,69,,8617,42,,,1,28,,8622,42,,,1,70,,8613,42,,,1,31,,8620,42,,,1,69,,8623,42,,,1,29,,8625,42,,,1,70,,8624,42,,,1,30,,8628,42,,,1,70,,8621,42,,,1,30,,8626,42,,,1,70,,8627,42,,,1
1200000200,'53',727,,8629,42,,,1,30,,8630,42,,,1,71,,8631,42,,,1,30,,8632,42,,,1,70,,8634,42,,,1,30,,8638,42,,,1,70,,8636,42,,,1,30,,8640,42,,,1,70,,8637,42,,,1,31,,8635,42,,,1,70,,8639,42,,,1,30,,8641,42,,,1,70,,8633,42,,,1,71,,8642,42,,,1,30,,8644,42,,,1,29,,8647,42,,,1,70,,8649,42,,,1,30,,8651,42,,,1,70,,8643,42,,,1,30,,8645,42,,,1,70,,8648,42,,,1,30,,8650,42,,,1,69,,8652,42,,,1,28,,8654,42,,,1,70,,8653,42,,,1,31,,8646,42,,,1,69,,8655,42,,,1
1200000200,'69',704,,8656,20,,,1,47,,8657,20,,,1
1200000400,'51',659,,9024,44,,,1,56,,9025,44,,,1,16,,9026,44,,,1,16,,9023,44,,,1
