3101,'51',626,,8078,8,,,2,74,,8080,8,,,2,102,,8081,8,,,2,105,,8082,8,,,2,100,,8083,8,,,2,100,,8084,8,,,2,104,,8086,8,,,2,102,,8085,8,,,2,101,,8087,8,,,2,101,,8088,8,,,2,97,,8089,8,,,2,31,,8093,8,,,2,70,,8090,8,,,2,33,,8091,8,,,2,69,,8094,8,,,2,28,,8092,8,,,2,72,,8095,8,,,2,295,,8096,8,0,8,2
3701,'51',537,,8188,1,,,2,185,,8189,8,0,32 1 33,2,105,,8190,8,,,2,102,,8191,8,,,2,98,,8192,8,,,2,102,,8193,8,,,2,113,,8194,8,,,2,102,,8195,8,,,2,102,,8196,8,,,2,156,,8197,8,,,2,141,,8198,8,,,2,71,,8199,8,,,2,101,,8200,8,,,2,97,,8201,8,,,2,97,,8202,8,,,2,101,,8203,8,,,2,100,,8204,8,,,2,28,,8205,8,,,2
3701,'52',652,,8206,8,,,2,100,,8207,8,,,2,101,,8208,8,,,2,102,,8209,8,,,2,101,,8210,8,,,2,156,,8211,8,,,2,100,,8212,8,,,2,102,,8213,8,,,2,100,,8214,8,,,2,100,,8215,8,,,2,102,,8216,8,,,2,98,,8222,8,,,2,98,,8223,8,,,2,96,,8217,8,,,2,100,,8218,8,,,2,101,,8219,8,,,2,98,,8220,8,,,2,28,,8221,8,,,2
3701,'53',752,,8224,8,,,2,101,,8225,8,,,2,102,,8226,8,,,2,101,,8227,8,,,2,156,,8228,8,,,2,100,,8229,8,,,2,102,,8230,8,,,2,100,,8231,8,,,2,100,,8232,8,,,2,102,,8233,8,,,2,98,,8234,8,,,2,98,,8235,8,,,2
3901,'51',1629,,8282,8,,,2,84,,8283,8,,,2,45,,8284,8,,,2
31101,'65',1522,,8393,15,,,2
35101,'65',1522,,8404,15,,,2
35501,'63',1640,,8406,9,0,9 1 43,2
38001,'51',537,,8412,13,4,,2,81,,8413,13,,,2,31,,8414,13,,,2
38101,'65',1522,,8416,15,,,2
38501,'63',1643,,8418,9,,,2
5003700,'51',610,,8501,8,,,2,20,,8502,8,,,2,75,,8504,8,,,2,31,,8505,8,,,2,68,,8503,8,,,2
5003701,'51',1619,,8507,28,,,2,105,,8506,28,,,2,114,,8508,28,,,2
2000003101,'52',733,,9119,8,,,2,102,,9120,8,,,2,102,,9121,8,,,2,100,,9122,8,,,2,100,,9123,8,,,2,102,,9124,8,,,2,201,,9125,8,,,2,101,,9126,8,,,2,100,,9127,8,,,2,101,,9128,8,,,2,98,,9129,8,0,8,2
2000003101,'53',835,,9131,8,,,2,102,,9132,8,,,2,100,,9133,8,,,2,100,,9134,8,,,2,102,,9135,8,,,2,201,,9136,8,,,2,101,,9137,8,,,2,100,,9138,8,,,2,101,,9139,8,,,2,98,,9140,8,0,8,2
