3400,'51',610,,8098,12,,,2,114,,8099,14,,,2,77,,8097,12,,,2,36,,8100,14,0,24 1 15,2,677,,8101,3,,,2,41,,8103,12,,,2,104,,8102,14,,,2,69,,8104,14,,,2,88,,8105,14,,,2
3800,'51',1515,,8243,5,,,2
22101,'65',1512,,8371,5,,,2
22201,'65',1512,,8373,5,,,2
23101,'65',1512,,8379,5,,,2
23201,'65',1512,,8381,5,,,2
24101,'65',1511,,8387,5,,,2
24201,'65',1511,,8389,5,,,2
31101,'65',1514,,8393,5,,,2
32501,'63',1626,,8399,30,,,2
35101,'65',1514,,8404,5,,,2
38101,'65',1514,,8416,5,,,2
5003400,'51',633,,8494,12,,,2,22,,8493,12,,,2
2000003400,'52',717,,9141,12,,,2,84,,9142,14,,,2,47,,9143,14,,,2,86,,9144,14,,,2,84,,9145,14,,,2,86,,9146,14,,,2,45,,9147,14,,,2,87,,9148,14,,,2,171,,9149,14,,,2,43,,9150,14,,,2,87,,9151,14,,,2,83,,9152,14,,,2,90,,9153,14,,,2,42,,9154,14,,,2,84,,9155,14,,,2
2000003400,'53',759,,9156,12,,,2,89,,9157,14,,,2,86,,9158,14,,,2,84,,9159,14,,,2,86,,9160,14,,,2,45,,9161,14,,,2,87,,9162,14,,,2,171,,9163,14,,,2,43,,9164,14,,,2,87,,9165,14,,,2,83,,9166,14,,,2,90,,9167,14,,,2,42,,9168,14,,,2,84,,9169,14,,,2
