13100,'64',741,,8305,57,,,2
13801,'63',1622,,8312,17,,,2
34501,'63',1619,,8401,16,,,2
5004200,'61',654,,8511,9,,,2
1200000101,'51',1539,,8526,35,,,1,72,,8527,35,,,1,31,,8528,35,,,1,71,,8529,35,,,1
1200000200,'51',542,,8533,9,,,1,15,,8531,31,,,1,55,,8535,31,,,1,8,,8539,9,,,1,7,,8537,31,,,1,7,,8542,9,,,1,9,,8538,31,,,1,15,,8540,31,,,1,56,,8544,31,,,1,17,,8530,31,,,1,15,,8545,31,,,1,55,,8534,31,,,1,14,,8541,31,,,1,14,,8532,31,,,1,15,,8543,31,,,1,59,,8536,31,,,1,14,,8549,31,,,1,17,,8548,31,,,1,17,,8551,31,,,1,54,,8547,31,,,1,15,,8546,31,,,1,15,,8552,31,,,1,15,,8554,31,,,1,55,,8555,31,,,1,15,,8556,31,,,1,15,,8550,31,,,1,15,,8557,31,,,1,55,,8558,31,,,1,15,,8559,31,,,1,16,,8560,31,,,1,15,,8561,31,,,1,55,,8553,31,,,1,15,,8562,31,,,1,14,,8564,31,,,1,15,,8565,31,,,1,55,,8566,31,,,1,21,,8563,31,,,1,12,,8568,31,,,1,16,,8571,31,,,1,55,,8572,31,,,1,15,,8574,31,,,1,12,,8567,31,,,1,14,,8575,31,,,1,55,,8570,31,,,1,15,,8577,31,,,1,8,,8581,18,,,1,8,,8579,31,,,1,13,,8583,31,,,1,55,,8569,31,,,1,17,,8582,31,,,1,14,,8584,31,,,1,15,,8573,31,,,1,55,,8576,31,,,1,15,,8578,31,,,1,15,,8585,31,,,1,15,,8580,31,,,1,70,,8588,31,,,1,30,,8587,31,,,1,70,,8592,31,,,1,30,,8586,31,,,1,69,,8594,31,,,1,32,,8589,31,,,1,70,,8591,31,,,1,32,,8593,31,,,1,66,,8595,31,,,1,30,,8590,31,0,14,1
1200000200,'52',720,,8599,31,,,1,30,,8598,31,,,1,70,,8602,31,,,1,30,,8596,31,,,1,70,,8601,31,,,1,30,,8600,31,,,1,70,,8604,31,,,1,30,,8603,31,,,1,70,,8597,31,,,1,31,,8607,31,,,1,70,,8608,31,,,1,30,,8605,31,,,1,70,,8606,31,,,1,30,,8611,31,,,1,70,,8610,31,,,1,30,,8609,31,,,1,70,,8614,31,,,1,30,,8616,31,,,1,70,,8612,31,,,1,30,,8619,31,,,1,70,,8618,31,,,1,30,,8615,31,,,1,69,,8617,31,,,1,29,,8622,31,,,1,70,,8613,31,,,1,31,,8620,31,,,1,69,,8623,31,,,1,29,,8625,31,,,1,70,,8624,31,,,1,30,,8628,31,,,1,70,,8621,31,,,1,30,,8626,31,,,1,70,,8627,31,,,1
1200000200,'53',720,,8629,31,,,1,30,,8630,31,,,1,70,,8631,31,,,1,30,,8632,31,,,1,70,,8634,31,,,1,30,,8638,31,,,1,70,,8636,31,,,1,30,,8640,31,,,1,70,,8637,31,,,1,31,,8635,31,,,1,70,,8639,31,,,1,30,,8641,31,,,1,70,,8633,31,,,1,30,,8642,31,,,1,70,,8644,31,,,1,30,,8647,31,,,1,70,,8649,31,,,1,30,,8651,31,,,1,70,,8643,31,,,1,30,,8645,31,,,1,70,,8648,31,,,1,30,,8650,31,,,1,69,,8652,31,,,1,29,,8654,31,,,1,70,,8653,31,,,1,31,,8646,31,,,1,69,,8655,31,,,1
1200000200,'69',655,,8656,9,,,1,87,,8657,9,,,1
1200000400,'51',650,,9024,33,,,1,56,,9025,33,,,1,16,,9026,33,,,1,16,,9023,33,,,1
