20000,'51',840,,8323,4,,,2,70,,8321,4,,,2,27,,8320,4,,,2,69,,8322,4,,,2
5002300,'51',703,,8479,63,4,,2,33,,8481,63,4,,2,69,,8482,63,4,,2,30,,8480,63,4,,2
5002301,'51',1529,,8486,4,,,2,81,,8484,4,,,2,30,,8483,4,,,2,163,,8485,4,,,2
5002400,'51',736,,8489,39,4,,2,67,,8487,39,4,,2,30,,8488,39,4,,2
5002401,'51',1530,,8492,4,,,2,81,,8490,4,,,2,30,,8491,4,,,2
5003400,'51',709,,8494,41,4,,2,23,,8493,41,4,,2
5003401,'51',1607,,8495,4,,,2
5003601,'51',1527,,8498,4,,,2,79,,8499,4,,,2,25,,8500,4,,,2
5003700,'51',731,,8502,69,4,,2,77,,8504,69,4,,2,30,,8505,69,4,,2,68,,8503,76,4,,2
5003701,'51',1527,,8507,4,,,2,105,,8506,4,,,2,127,,8508,4,,,2
5003801,'51',1607,,8510,4,,,2,96,,8509,4,,,2
1200000201,'51',619,,8663,4,0,29,1,15,,8661,4,0,29,1,19,,8665,4,0,29,1,50,,8671,4,0,29,1,10,,8668,4,0,29,1,3,,8676,4,4,,1,5,,8660,4,0,29,1,10,,8670,4,0,29,1,18,,8673,4,0,29,1,58,,8679,4,0,29,1,15,,8659,4,0,29,1,15,,8681,4,0,29,1,15,,8664,4,0,29,1,52,,8675,4,0,29,1,12,,8662,4,0,29,1,13,,8678,4,0,29,1,15,,8666,4,0,29,1,12,,8685,4,0,29,1,57,,8684,4,0,29,1,18,,8687,4,0,29,1,14,,8683,4,0,29,1,55,,8682,4,0,29,1,15,,8688,4,0,29,1,15,,8690,4,0,29,1,15,,8691,4,0,29,1,55,,8692,4,0,29,1,15,,8686,4,0,29,1,15,,8693,4,0,29,1,15,,8694,4,0,29,1,55,,8695,4,0,29,1,16,,8696,4,0,29,1,15,,8697,4,0,29,1,15,,8689,4,0,29,1,55,,8698,4,0,29,1,14,,8700,4,0,29,1,15,,8701,4,0,29,1,15,,8702,4,0,29,1,11,,8706,4,0,29,1,51,,8699,4,0,29,1,14,,8704,4,0,29,1,15,,8709,4,0,29,1,15,,8710,4,0,29,1,57,,8712,4,0,29,1,11,,8703,4,0,29,1,14,,8714,4,0,29,1,15,,8708,4,0,29,1,56,,8716,4,0,29,1,17,,8718,4,0,29,1,11,,8720,4,0,29,1,15,,8707,4,0,29,1,53,,8713,4,0,29,1,8,,8705,4,0,29,1,8,,8721,4,0,29,1,14,,8711,4,0,29,1,14,,8715,4,0,29,1,14,,8717,4,0,29,1,54,,8722,4,0,29,1,14,,8719,4,0,29,1,20,,8723,4,0,29,1,70,,8724,4,0,29,1,32,,8726,4,0,29,1,75,,8728,4,0,29,1,30,,8730,4,0,29,1,71,,8725,4,0,29,1,28,,8727,4,0,29,1,71,,8729,4,0,29,1,86,,8731,4,0,29,1
1200000201,'52',657,,8732,4,0,29,1,70,,8740,4,0,29,1,29,,8738,4,0,29,1,71,,8736,4,0,29,1,31,,8742,4,0,29,1,70,,8733,4,0,29,1,30,,8741,4,0,29,1,70,,8739,4,0,29,1,30,,8744,4,0,29,1,70,,8743,4,0,29,1,30,,8734,4,0,29,1,72,,8747,4,0,29,1,70,,8748,4,0,29,1,30,,8745,4,0,29,1,70,,8746,4,0,29,1,31,,8751,4,0,29,1,70,,8750,4,0,29,1,29,,8749,4,0,29,1,70,,8754,4,0,29,1,32,,8756,4,0,29,1,70,,8752,4,0,29,1,30,,8759,4,0,29,1,70,,8758,4,0,29,1,28,,8755,4,0,29,1,27,,8757,4,0,29,1,68,,8762,4,0,29,1,29,,8753,4,0,29,1,71,,8760,4,0,29,1,27,,8763,4,0,29,1,68,,8765,4,0,29,1,31,,8764,4,0,29,1,70,,8768,4,0,29,1,30,,8761,4,0,29,1,69,,8766,4,0,29,1,88,,8767,4,0,29,1
1200000201,'53',756,,8770,4,0,29,1,71,,8772,4,0,29,1,31,,8774,4,0,29,1,70,,8776,4,0,29,1,30,,8778,4,0,29,1,70,,8782,4,0,29,1,30,,8780,4,0,29,1,70,,8784,4,0,29,1,30,,8781,4,0,29,1,72,,8779,4,0,29,1,70,,8783,4,0,29,1,30,,8785,4,0,29,1,70,,8777,4,0,29,1,31,,8786,4,0,29,1,70,,8788,4,0,29,1,29,,8791,4,0,29,1,70,,8793,4,0,29,1,32,,8795,4,0,29,1,70,,8787,4,0,29,1,30,,8789,4,0,29,1,70,,8792,4,0,29,1,28,,8794,4,0,29,1,27,,8796,4,0,29,1,68,,8798,4,0,29,1,29,,8797,4,0,29,1,71,,8790,4,0,29,1,27,,8799,4,0,29,1
1200000201,'69',740,,8801,4,4,,1,87,,8802,4,4,,1,701,,8803,4,0,29,1,16,,8804,4,0,29,1
1200000301,'51',647,,8913,4,,,1,59,,8917,4,,,1,13,,8919,4,4,,1,13,,8924,4,4,,1,7,,8912,4,,,1,3,,8916,4,4,,1,10,,8925,4,4,,1,50,,8926,4,4,,1,5,,8927,4,,,1,4,,8921,4,4,,1,23,,8928,4,,,1,66,,8914,4,,,1,30,,8918,4,,,1,27,,8922,4,,,1,76,,8929,4,,,1,20,,8931,4,,,1,60,,8930,4,,,1,20,,8933,4,,,1,20,,8923,4,,,1,60,,8935,4,,,1,22,,8937,4,,,1,20,,8932,4,,,1,60,,8938,4,,,1,20,,8934,4,,,1,18,,8940,4,,,1,60,,8936,4,,,1,19,,8941,4,,,1,20,,8942,4,,,1,57,,8939,4,,,1,11,,8944,4,,,1,18,,8943,4,,,1,15,,8952,4,,,1,59,,8949,4,,,1,13,,8951,4,,,1,16,,8946,4,,,1,17,,8945,4,,,1,58,,8955,4,,,1,17,,8953,4,,,1,15,,8958,4,,,1,8,,8948,4,,,1,48,,8950,4,,,1,15,,8947,4,,,1,19,,8954,4,,,1,63,,8957,4,,,1,24,,8956,4,,,1,31,,8966,4,,,1,70,,8965,4,,,1,30,,8967,4,,,1,73,,8961,4,,,1
1200000301,'52',726,,8968,4,,,1,30,,8972,4,,,1,71,,8974,4,,,1,31,,8976,4,,,1,70,,8969,4,,,1,31,,8973,4,,,1,70,,8975,4,,,1,71,,8977,4,,,1,31,,8970,4,,,1,71,,8981,4,,,1,31,,8971,4,,,1,70,,8978,4,,,1,31,,8979,4,,,1,70,,8982,4,,,1,30,,8984,4,,,1,70,,8986,4,,,1,30,,8980,4,,,1,70,,8983,4,,,1,31,,8985,4,,,1,68,,8987,4,,,1,30,,8988,4,,,1,69,,8989,4,,,1,28,,8990,4,,,1,27,,8992,4,,,1
1200000301,'53',756,,8998,4,,,1,71,,9000,4,,,1,31,,9003,4,,,1,70,,9005,4,,,1,31,,8999,4,,,1,70,,9001,4,,,1,71,,9004,4,,,1,31,,9006,4,,,1,71,,9008,4,,,1,31,,9002,4,,,1,70,,9010,4,,,1,31,,9007,4,,,1,70,,9009,4,,,1,30,,9012,4,,,1,70,,9011,4,,,1,30,,9015,4,,,1,70,,9017,4,,,1,31,,9013,4,,,1,68,,9019,4,,,1,30,,9016,4,,,1,69,,9018,4,,,1,28,,9014,4,,,1,27,,9020,4,,,1
1200000401,'51',734,,9028,4,4,,1,18,,9029,4,4,,1,56,,9030,4,4,,1,15,,9027,4,4,,1,790,,9031,4,,,1,31,,9034,4,,,1,67,,9035,4,,,1
