1300,'51',631,,7864,18,,,2,70,,7867,18,,,2,20,,7866,18,,,2,83,,7868,18,,,2,41,,7865,18,,,2,710,,7869,18,,,2,98,,7872,18,,,2,54,,7870,18,,,2,40,,7873,18,,,2,65,,7871,18,,,2
1300,'67',848,,7874,13,,,2
1501,'51',1215,,7894,6,,,2,101,,7895,6,,,2,96,,7896,6,,,2,33,,7897,6,,,2,94,,7899,23,0,34 35 6 41,2,85,,7898,23,0,34 35 6 41,2,16,,7901,23,0,34 35 6 41,2,71,,7904,23,,,2,36,,7903,23,0,34 35 6 41,2,77,,7900,6,,,2,76,,7902,6,,,2,105,,7905,6,,,2,105,,7906,6,,,2,42,,7907,6,,,2
1501,'68',1642,,7908,8,,,2
1601,'51',635,,7919,23,0,34 35 6 41,2,79,,7920,23,0,34 35 6 41,2,33,,7921,23,0,34 35 6 41,2,172,,7922,23,,,2,96,,7923,6,,,2,100,,7924,6,0,34 35 6 41,2
13101,'65',1536,,8306,42,,,2
20000,'51',919,,8323,19,,,2,28,,8321,19,,,2,66,,8320,19,,,2,29,,8322,19,,,2,1094,,8324,7,,,2,218,,8325,7,,,2
20000,'52',1908,,8326,7,,,2,445,,8327,7,,,2
21000,'51',1151,,8336,25,,,2,80,,8337,25,,,2,85,,8335,25,,,2,417,,8340,25,,,2,69,,8339,25,,,2,27,,8338,25,,,2,81,,8342,25,,,2,131,,8341,25,,,2
21000,'52',1250,,8343,25,,,2,173,,8344,25,,,2,231,,8345,25,,,2,71,,8346,25,,,2,322,,8347,25,,,2
21000,'53',1116,,8348,25,,,2,103,,8350,25,,,2,133,,8349,25,,,2,102,,8351,25,,,2,70,,8352,25,,,2
35000,'51',910,,8402,6,,,2
38000,'51',1705,,8409,20,,,2,43,,8410,20,,,2,84,,8411,20,,,2
1001101,'51',603,,8427,17,,,1,29,,8424,17,,,1,70,,8428,17,,,1,32,,8425,17,,,1,24,,8421,17,,,1,81,,8426,17,,,1,66,,8422,17,0,12 13,1,18,,8430,17,,,1,30,,8429,17,,,1,75,,8431,17,,,1,30,,8435,17,,,1,75,,8432,17,,,1,70,,8436,17,,,1,33,,8433,17,,,1,70,,8440,17,,,1,37,,8434,17,,,1,70,,8442,17,,,1,88,,8437,17,,,1,31,,8438,17,,,1,84,,8441,17,,,1,26,,8439,17,,,1,63,,8443,17,,,1,27,,8445,17,,,1,74,,8444,17,,,1,29,,8446,17,,,1,71,,8447,17,,,1,100,,8448,17,,,1,100,,8449,17,,,1,100,,8450,17,,,1,100,,8451,17,0,12 13,1
1001101,'52',803,,8453,17,,,1,101,,8454,17,,,1,101,,8455,17,,,1,100,,8456,17,,,1,98,,8457,17,,,1,100,,8460,17,,,1,102,,8458,17,,,1,100,,8459,17,,,1,99,,8461,17,,,1,100,,8462,17,,,1,100,,8463,17,,,1,100,,8464,17,,,1,100,,8465,17,,,1,100,,8466,17,,,1,100,,8467,17,,,1,100,,8468,17,0,12 13,1
1001101,'53',1005,,8472,17,,,1,100,,8469,17,,,1,98,,8470,17,,,1,100,,8473,17,,,1,102,,8474,17,,,1,100,,8475,17,,,1,99,,8476,17,,,1,100,,8477,17,,,1,100,,8478,17,,,1
1200000100,'51',652,,8518,75,0,34 35 6 31,1,71,,8519,75,0,34 35 6 31,1,22,,8520,75,0,34 35 6 31,1,69,,8523,75,0,16 1 17,1,29,,8521,75,0,34 35 6 31,1
2000001501,'52',802,,9087,6,,,2,101,,9088,6,,,2,100,,9089,6,,,2,102,,9090,6,,,2,101,,9091,6,,,2,101,,9092,6,,,2,151,,9093,6,,,2,142,,9094,6,,,2,104,,9095,6,,,2,98,,9096,6,,,2,56,,9097,6,,,2
2000001501,'53',903,,9098,6,,,2,100,,9099,6,,,2,102,,9100,6,,,2,101,,9101,6,,,2,101,,9102,6,,,2,151,,9103,6,,,2,142,,9104,6,,,2,104,,9105,6,,,2,98,,9106,6,,,2,56,,9107,6,,,2
