3101,'51',622,,8078,3,,,2,34,,8080,3,,,2,102,,8081,3,,,2,145,,8082,3,,,2,100,,8083,3,,,2,100,,8084,3,,,2,104,,8086,3,,,2,102,,8085,3,,,2,101,,8087,3,,,2,100,,8088,3,,,2,97,,8089,3,,,2,31,,8093,3,,,2,71,,8090,3,,,2,33,,8091,3,,,2,69,,8094,3,,,2,28,,8092,3,,,2,72,,8095,3,,,2,295,,8096,3,0,8,2
3701,'51',718,,8189,3,0,32 1 33,2,105,,8190,3,,,2,102,,8191,3,,,2,98,,8192,3,,,2,102,,8193,3,,,2,113,,8194,3,,,2,102,,8195,3,,,2,102,,8196,3,,,2,115,,8197,3,,,2,182,,8198,3,,,2,71,,8199,3,,,2,101,,8200,3,,,2,97,,8201,3,,,2,97,,8202,3,,,2,101,,8203,3,,,2,100,,8204,3,,,2,28,,8205,3,,,2
3701,'52',649,,8206,3,,,2,100,,8207,3,,,2,101,,8208,3,,,2,102,,8209,3,,,2,101,,8210,3,,,2,156,,8211,3,,,2,100,,8212,3,,,2,102,,8213,3,,,2,100,,8214,3,,,2,100,,8215,3,,,2,102,,8216,3,,,2,98,,8222,3,,,2,98,,8223,3,,,2,96,,8217,3,,,2,100,,8218,3,,,2,101,,8219,3,,,2,98,,8220,3,,,2,28,,8221,3,,,2
3701,'53',749,,8224,3,,,2,101,,8225,3,,,2,102,,8226,3,,,2,101,,8227,3,,,2,156,,8228,3,,,2,100,,8229,3,,,2,102,,8230,3,,,2,100,,8231,3,,,2,100,,8232,3,,,2,102,,8233,3,,,2,98,,8234,3,,,2,98,,8235,3,,,2
3800,'51',748,,8238,3,,,2,106,,8237,3,,,2,98,,8236,3,,,2,102,,8239,3,,,2,153,,8240,3,,,2,102,,8241,3,,,2,102,,8242,3,,,2,107,,8243,10,,,2,117,,8244,3,,,2,74,,8245,3,,,2,134,,8246,3,,,2,97,,8247,3,,,2,96,,8248,3,,,2,101,,8249,3,,,2,99,,8250,3,,,2
3800,'52',719,,8251,3,,,2,100,,8252,3,,,2,103,,8253,3,,,2,101,,8254,3,,,2,100,,8255,3,,,2,116,,8256,3,,,2,100,,8257,3,,,2,102,,8258,3,,,2,100,,8259,3,,,2,102,,8260,3,,,2,100,,8261,3,,,2,98,,8265,3,,,2,96,,8266,3,,,2,100,,8262,3,,,2,97,,8263,3,,,2,101,,8264,3,,,2
3800,'53',819,,8267,3,,,2,103,,8268,3,,,2,101,,8269,3,,,2,100,,8270,3,,,2,116,,8271,3,,,2,100,,8272,3,,,2,102,,8273,3,,,2,100,,8274,3,,,2,102,,8275,3,,,2,100,,8276,3,,,2,98,,8277,3,,,2,96,,8278,3,,,2
3901,'51',1624,,8282,3,,,2,85,,8283,3,,,2,45,,8284,3,,,2
24101,'65',1513,,8387,10,,,2
24201,'65',1513,,8389,10,,,2
31101,'65',1517,,8393,10,,,2
35101,'65',1517,,8404,10,,,2
38101,'65',1517,,8416,10,,,2
5003700,'51',606,,8501,3,,,2,20,,8502,3,,,2,75,,8504,3,,,2,31,,8505,3,,,2,68,,8503,3,,,2
5003701,'51',1614,,8507,23,,,2,106,,8506,23,,,2,114,,8508,23,,,2
5003801,'51',1657,,8510,23,,,2,89,,8509,23,,,2
2000003101,'52',730,,9119,3,,,2,102,,9120,3,,,2,102,,9121,3,,,2,100,,9122,3,,,2,100,,9123,3,,,2,102,,9124,3,,,2,201,,9125,3,,,2,101,,9126,3,,,2,100,,9127,3,,,2,101,,9128,3,,,2,98,,9129,3,0,8,2
2000003101,'53',832,,9131,3,,,2,102,,9132,3,,,2,100,,9133,3,,,2,100,,9134,3,,,2,102,,9135,3,,,2,201,,9136,3,,,2,101,,9137,3,,,2,100,,9138,3,,,2,101,,9139,3,,,2,98,,9140,3,0,8,2
