20000,'51',843,,8323,7,,,2,70,,8321,7,,,2,27,,8320,7,,,2,69,,8322,7,,,2
5002300,'51',706,,8479,66,4,,2,34,,8481,66,4,,2,69,,8482,66,4,,2,30,,8480,66,4,,2
5002301,'51',1533,,8486,7,,,2,81,,8484,7,,,2,29,,8483,7,,,2,163,,8485,7,,,2
5002400,'51',740,,8489,42,4,,2,67,,8487,42,4,,2,30,,8488,42,4,,2
5002401,'51',1534,,8492,7,,,2,81,,8490,7,,,2,29,,8491,7,,,2
5003400,'51',712,,8494,44,4,,2,24,,8493,44,4,,2
5003401,'51',1611,,8495,7,,,2
5003601,'51',1531,,8498,7,,,2,79,,8499,7,,,2,25,,8500,7,,,2
5003700,'51',735,,8502,72,4,,2,77,,8504,72,4,,2,30,,8505,72,4,,2,67,,8503,79,4,,2
5003701,'51',1531,,8507,7,,,2,105,,8506,7,,,2,167,,8508,7,,,2
5003801,'51',1611,,8510,7,,,2,96,,8509,7,,,2
1200000201,'51',622,,8663,7,0,29,1,15,,8661,7,0,29,1,19,,8665,7,0,29,1,50,,8671,7,0,29,1,10,,8668,7,0,29,1,3,,8676,7,4,,1,6,,8660,7,0,29,1,10,,8670,7,0,29,1,18,,8673,7,0,29,1,58,,8679,7,0,29,1,15,,8659,7,0,29,1,14,,8681,7,0,29,1,15,,8664,7,0,29,1,52,,8675,7,0,29,1,12,,8662,7,0,29,1,13,,8678,7,0,29,1,15,,8666,7,0,29,1,12,,8685,7,0,29,1,57,,8684,7,0,29,1,18,,8687,7,0,29,1,14,,8683,7,0,29,1,55,,8682,7,0,29,1,15,,8688,7,0,29,1,15,,8690,7,0,29,1,15,,8691,7,0,29,1,55,,8692,7,0,29,1,15,,8686,7,0,29,1,15,,8693,7,0,29,1,15,,8694,7,0,29,1,55,,8695,7,0,29,1,16,,8696,7,0,29,1,15,,8697,7,0,29,1,15,,8689,7,0,29,1,55,,8698,7,0,29,1,14,,8700,7,0,29,1,15,,8701,7,0,29,1,15,,8702,7,0,29,1,11,,8706,7,0,29,1,51,,8699,7,0,29,1,15,,8704,7,0,29,1,16,,8709,7,0,29,1,14,,8710,7,0,29,1,57,,8712,7,0,29,1,11,,8703,7,0,29,1,14,,8714,7,0,29,1,15,,8708,7,0,29,1,56,,8716,7,0,29,1,17,,8718,7,0,29,1,11,,8720,7,0,29,1,15,,8707,7,0,29,1,53,,8713,7,0,29,1,8,,8705,7,0,29,1,8,,8721,7,0,29,1,13,,8711,7,0,29,1,14,,8715,7,0,29,1,54,,8717,7,0,29,1,14,,8722,7,0,29,1,14,,8719,7,0,29,1,20,,8723,7,0,29,1,70,,8724,7,0,29,1,32,,8726,7,0,29,1,75,,8728,7,0,29,1,30,,8730,7,0,29,1,71,,8725,7,0,29,1,28,,8727,7,0,29,1,71,,8729,7,0,29,1,86,,8731,7,0,29,1
1200000201,'52',700,,8732,7,0,29,1,30,,8740,7,0,29,1,29,,8738,7,0,29,1,71,,8736,7,0,29,1,71,,8742,7,0,29,1,30,,8733,7,0,29,1,70,,8741,7,0,29,1,30,,8739,7,0,29,1,70,,8744,7,0,29,1,30,,8743,7,0,29,1,70,,8734,7,0,29,1,32,,8747,7,0,29,1,70,,8748,7,0,29,1,30,,8745,7,0,29,1,70,,8746,7,0,29,1,31,,8751,7,0,29,1,70,,8750,7,0,29,1,29,,8749,7,0,29,1,70,,8754,7,0,29,1,32,,8756,7,0,29,1,70,,8752,7,0,29,1,30,,8759,7,0,29,1,70,,8758,7,0,29,1,28,,8755,7,0,29,1,67,,8757,7,0,29,1,28,,8762,7,0,29,1,29,,8753,7,0,29,1,71,,8760,7,0,29,1,27,,8763,7,0,29,1,68,,8765,7,0,29,1,31,,8764,7,0,29,1,70,,8768,7,0,29,1,30,,8761,7,0,29,1,69,,8766,7,0,29,1,88,,8767,7,0,29,1
1200000201,'53',759,,8770,7,0,29,1,71,,8772,7,0,29,1,71,,8774,7,0,29,1,30,,8776,7,0,29,1,70,,8778,7,0,29,1,30,,8782,7,0,29,1,70,,8780,7,0,29,1,30,,8784,7,0,29,1,70,,8781,7,0,29,1,32,,8779,7,0,29,1,70,,8783,7,0,29,1,30,,8785,7,0,29,1,70,,8777,7,0,29,1,31,,8786,7,0,29,1,70,,8788,7,0,29,1,29,,8791,7,0,29,1,70,,8793,7,0,29,1,32,,8795,7,0,29,1,70,,8787,7,0,29,1,30,,8789,7,0,29,1,70,,8792,7,0,29,1,28,,8794,7,0,29,1,67,,8796,7,0,29,1,28,,8798,7,0,29,1,29,,8797,7,0,29,1,71,,8790,7,0,29,1,27,,8799,7,0,29,1
1200000201,'69',744,,8801,7,4,,1,87,,8802,7,4,,1,701,,8803,7,0,29,1,16,,8804,7,0,29,1
1200000301,'51',650,,8913,7,,,1,59,,8917,7,,,1,14,,8919,7,4,,1,13,,8924,7,4,,1,7,,8912,7,,,1,3,,8916,7,4,,1,10,,8925,7,4,,1,50,,8926,7,4,,1,5,,8927,7,,,1,4,,8921,7,4,,1,22,,8928,7,,,1,66,,8914,7,,,1,30,,8918,7,,,1,67,,8922,7,,,1,36,,8929,7,,,1,20,,8931,7,,,1,60,,8930,7,,,1,20,,8933,7,,,1,20,,8923,7,,,1,60,,8935,7,,,1,22,,8937,7,,,1,20,,8932,7,,,1,60,,8938,7,,,1,20,,8934,7,,,1,18,,8940,7,,,1,60,,8936,7,,,1,19,,8941,7,,,1,20,,8942,7,,,1,57,,8939,7,,,1,12,,8944,7,,,1,18,,8943,7,,,1,15,,8952,7,,,1,59,,8949,7,,,1,13,,8951,7,,,1,16,,8946,7,,,1,57,,8945,7,,,1,18,,8955,7,,,1,17,,8953,7,,,1,15,,8958,7,,,1,48,,8948,7,,,1,8,,8950,7,,,1,15,,8947,7,,,1,18,,8954,7,,,1,63,,8957,7,,,1,24,,8956,7,,,1,31,,8966,7,,,1,70,,8965,7,,,1,30,,8967,7,,,1,73,,8961,7,,,1
1200000301,'52',729,,8968,7,,,1,30,,8972,7,,,1,71,,8974,7,,,1,71,,8976,7,,,1,30,,8969,7,,,1,71,,8973,7,,,1,30,,8975,7,,,1,71,,8977,7,,,1,31,,8970,7,,,1,71,,8981,7,,,1,31,,8971,7,,,1,70,,8978,7,,,1,31,,8979,7,,,1,70,,8982,7,,,1,30,,8984,7,,,1,70,,8986,7,,,1,30,,8980,7,,,1,70,,8983,7,,,1,31,,8985,7,,,1,68,,8987,7,,,1,30,,8988,7,,,1,69,,8989,7,,,1,28,,8990,7,,,1,67,,8992,7,,,1
1200000301,'53',759,,8998,7,,,1,71,,9000,7,,,1,71,,9003,7,,,1,30,,9005,7,,,1,71,,8999,7,,,1,30,,9001,7,,,1,71,,9004,7,,,1,31,,9006,7,,,1,71,,9008,7,,,1,31,,9002,7,,,1,70,,9010,7,,,1,31,,9007,7,,,1,70,,9009,7,,,1,30,,9012,7,,,1,70,,9011,7,,,1,30,,9015,7,,,1,70,,9017,7,,,1,31,,9013,7,,,1,68,,9019,7,,,1,30,,9016,7,,,1,69,,9018,7,,,1,28,,9014,7,,,1,67,,9020,7,,,1
1200000401,'51',738,,9028,7,4,,1,18,,9029,7,4,,1,56,,9030,7,4,,1,15,,9027,7,4,,1,790,,9031,7,,,1,31,,9034,7,,,1,67,,9035,7,,,1
