3101,'51',630,,8078,16,,,2,74,,8080,16,,,2,102,,8081,16,,,2,105,,8082,16,,,2,100,,8083,16,,,2,100,,8084,16,,,2,104,,8086,16,,,2,102,,8085,16,,,2,101,,8087,16,,,2,101,,8088,16,,,2,97,,8089,16,,,2,31,,8093,16,,,2,70,,8090,16,,,2,33,,8091,16,,,2,69,,8094,16,,,2,28,,8092,16,,,2,72,,8095,16,,,2,295,,8096,16,0,8,2
3701,'51',541,,8188,9,,,2,185,,8189,16,0,32 1 33,2,105,,8190,16,,,2,102,,8191,16,,,2,98,,8192,16,,,2,102,,8193,16,,,2,113,,8194,16,,,2,102,,8195,16,,,2,102,,8196,16,,,2,156,,8197,16,,,2,141,,8198,16,,,2,71,,8199,16,,,2,101,,8200,16,,,2,97,,8201,16,,,2,97,,8202,16,,,2,101,,8203,16,,,2,100,,8204,16,,,2,28,,8205,16,,,2
3701,'52',657,,8206,16,,,2,100,,8207,16,,,2,101,,8208,16,,,2,142,,8209,16,,,2,101,,8210,16,,,2,116,,8211,16,,,2,100,,8212,16,,,2,102,,8213,16,,,2,100,,8214,16,,,2,100,,8215,16,,,2,102,,8216,16,,,2,98,,8222,16,,,2,98,,8223,16,,,2,96,,8217,16,,,2,100,,8218,16,,,2,101,,8219,16,,,2,98,,8220,16,,,2,28,,8221,16,,,2
3701,'53',757,,8224,16,,,2,101,,8225,16,,,2,142,,8226,16,,,2,101,,8227,16,,,2,116,,8228,16,,,2,100,,8229,16,,,2,102,,8230,16,,,2,100,,8231,16,,,2,100,,8232,16,,,2,102,,8233,16,,,2,98,,8234,16,,,2,98,,8235,16,,,2
3901,'51',1640,,8282,24,,,2,84,,8283,24,,,2,85,,8284,24,,,2
31101,'65',1529,,8393,25,,,2
38001,'51',622,,8413,21,,,2,31,,8414,21,,,2
38101,'65',1535,,8416,33,,,2
38501,'63',1652,,8418,19,,,2
5003700,'51',614,,8501,16,,,2,21,,8502,16,,,2,75,,8504,16,,,2,31,,8505,16,,,2,68,,8503,16,,,2
5003701,'51',1628,,8507,38,,,2,104,,8506,38,,,2,114,,8508,38,,,2
2000003101,'52',737,,9119,16,,,2,102,,9120,16,,,2,102,,9121,16,,,2,100,,9122,16,,,2,100,,9123,16,,,2,102,,9124,16,,,2,201,,9125,16,,,2,101,,9126,16,,,2,100,,9127,16,,,2,101,,9128,16,,,2,98,,9129,16,0,8,2
2000003101,'53',839,,9131,16,,,2,102,,9132,16,,,2,100,,9133,16,,,2,100,,9134,16,,,2,102,,9135,16,,,2,201,,9136,16,,,2,101,,9137,16,,,2,100,,9138,16,,,2,101,,9139,16,,,2,98,,9140,16,0,8,2
