2300,'51',550,,7994,3,,,2,273,,7997,3,0,14 1 15,2,33,,7976,3,,,2,76,,7979,3,,,2,70,,7977,3,,,2,31,,7980,3,,,2,70,,7978,3,,,2,30,,7981,3,,,2,78,,7983,3,,,2,30,,7982,3,,,2,70,,7984,3,,,2,30,,7986,3,,,2,72,,7985,3,,,2,33,,7987,3,,,2,70,,7996,3,,,2,116,,7998,3,,,2,75,,7995,3,,,2,28,,7988,3,,,2,73,,7990,3,,,2,27,,7989,3,,,2,78,,7991,3,,,2,102,,7992,3,,,2,95,,7993,3,,,2
2300,'52',628,,7999,3,,,2,100,,8000,3,,,2,101,,8001,3,,,2,101,,8002,3,,,2,101,,8003,3,,,2,101,,8004,3,,,2,101,,8005,3,,,2,107,,8006,3,,,2,100,,8007,3,,,2,100,,8008,3,,,2,101,,8009,3,,,2,88,,8010,3,,,2
2300,'53',728,,8011,3,,,2,101,,8012,3,,,2,101,,8013,3,,,2,101,,8014,3,,,2,101,,8015,3,,,2,101,,8016,3,,,2,107,,8017,3,,,2,100,,8018,3,,,2,100,,8019,3,,,2,101,,8020,3,,,2,88,,8021,3,,,2
2301,'51',1208,,8026,51,,,2,305,,8044,51,,,2,42,,8042,51,,,2,663,,8040,51,,,2
2301,'52',1224,,8052,51,,,2,599,,8058,51,,,2
2301,'53',1224,,8063,51,,,2,599,,8069,51,,,2
23100,'64',706,,8378,15,,,2
23101,'65',1545,,8379,62,,,2
23500,'62',759,,8382,15,,,2
23501,'63',1702,,8383,36,,,2
5002300,'51',614,,8479,3,,,2,25,,8481,3,,,2,69,,8482,3,,,2,31,,8480,3,,,2
5002301,'51',1742,,8483,61,,,2,109,,8485,61,,,2
