2200,'51',616,,7925,42,,,2,28,,7941,80,,,2,63,,7926,42,,,2,30,,7942,42,,,2,66,,7944,80,,,2,43,,7943,42,0,14 1 15,2,87,,7927,42,,,2,75,,7931,42,,,2,32,,7928,42,,,2,72,,7932,42,,,2,30,,7929,42,,,2,70,,7933,42,,,2,31,,7930,42,,,2,70,,7934,42,,,2,30,,7945,42,,,2,70,,7935,42,,,2,29,,7946,42,,,2,74,,7938,42,,,2,31,,7936,28,,,2,65,,7939,28,,,2,108,,7937,28,,,2,34,,7947,28,,,2,100,,7940,28,,,2
2200,'67',848,,7948,25,0,14 1 15,2
2300,'51',612,,7994,54,,,2,236,,7997,54,0,14 1 15,2,70,,7976,54,,,2,36,,7979,54,,,2,70,,7977,54,,,2,31,,7980,54,,,2,70,,7978,54,,,2,30,,7981,54,,,2,71,,7983,40,,,2,30,,7982,40,,,2,70,,7984,40,,,2,30,,7986,40,,,2,72,,7985,40,,,2,74,,7987,40,,,2,31,,7996,40,,,2,117,,7998,40,,,2,75,,7995,40,,,2,28,,7988,40,,,2,70,,7990,40,,,2,27,,7989,40,,,2,78,,7991,40,,,2,102,,7992,40,,,2,95,,7993,40,,,2
2300,'52',650,,7999,54,,,2,100,,8000,54,,,2,101,,8001,54,,,2,101,,8002,54,,,2,101,,8003,54,,,2,101,,8004,54,,,2,101,,8005,54,,,2,100,,8006,40,,,2,100,,8007,40,,,2,100,,8008,40,,,2,101,,8009,40,,,2,88,,8010,40,,,2
2300,'53',750,,8011,54,,,2,101,,8012,54,,,2,101,,8013,54,,,2,101,,8014,54,,,2,101,,8015,54,,,2,101,,8016,54,,,2,100,,8017,40,,,2,100,,8018,40,,,2,100,,8019,40,,,2,101,,8020,40,,,2,88,,8021,40,,,2
2300,'67',847,,8022,18,0,14 1 15,2
22100,'64',722,,8370,27,,,2
22200,'64',722,,8372,24,,,2
23100,'64',731,,8378,61,,,2
23200,'64',718,,8380,19,,,2
32500,'62',809,,8398,15,,,2
5002300,'51',641,,8479,54,,,2,67,,8481,54,,,2,30,,8482,54,,,2,71,,8480,54,,,2
5002400,'51',708,,8489,30,,,2,28,,8487,30,,,2,71,,8488,30,,,2
5004300,'61',701,,8512,7,,,2,119,,8513,7,,,2
1200000100,'51',559,,8517,45,0,14,1,65,,8518,45,0,34 35 6 31,1,30,,8519,45,0,34 35 6 31,1,60,,8520,45,0,34 35 6 31,1,30,,8523,45,0,16 1 17,1,70,,8521,45,0,34 35 6 31,1
1200000300,'51',622,,8806,45,0,36 37,1,16,,8809,45,0,36 37,1,15,,8811,45,0,36 37,1,50,,8815,45,0,36 37,1,10,,8808,45,0,36 37,1,10,,8816,45,0,36 37,1,10,,8817,45,0,36 37,1,10,,8812,45,0,36 37,1,15,,8820,45,0,36 37,1,55,,8822,45,0,36 37,1,16,,8807,45,0,36 37,1,13,,8818,45,0,36 37,1,15,,8810,45,0,36 37,1,55,,8805,45,0,36 37,1,15,,8813,45,0,36 37,1,15,,8819,45,0,36 37,1,60,,8821,45,0,36 37,1,20,,8824,45,0,36 37,1,20,,8823,45,0,36 37,1,60,,8826,45,0,36 37,1,20,,8814,45,0,36 37,1,20,,8828,45,0,36 37,1,62,,8830,45,0,36 37,1,20,,8825,45,0,36 37,1,20,,8831,45,0,36 37,1,60,,8827,45,0,36 37,1,18,,8833,45,0,36 37,1,20,,8829,45,0,36 37,1,59,,8834,45,0,36 37,1,20,,8836,45,0,36 37,1,19,,8832,45,0,36 37,1,65,,8838,45,0,36 37,1,31,,8840,47,0,36 37,1,68,,8835,47,0,36 37,1,29,,8837,47,0,36 37,1,71,,8841,47,0,36 37,1,30,,8839,47,0,36 37,1,73,,8842,47,0,36 37,1,24,,8844,45,0,36 37,1,27,,8843,45,0,36 37,1,61,,8850,45,0,36 37,1,30,,8852,45,0,36 37,1,72,,8853,45,0,36 37,1,33,,8855,45,0,36 37,1,66,,8851,45,0,36 37,1,27,,8849,45,0,36 37,1,70,,8854,45,0,36 37,1,30,,8847,45,0,36 37,1,66,,8845,45,0,36 37,1,30,,8848,45,0,36 37,1,68,,8846,45,0,36 37,1
1200000300,'52',700,,8856,45,0,36 37,1,30,,8860,45,0,36 37,1,70,,8862,45,0,36 37,1,31,,8864,45,0,36 37,1,70,,8857,45,0,36 37,1,31,,8861,45,0,36 37,1,70,,8863,45,0,36 37,1,31,,8865,45,0,36 37,1,71,,8858,45,0,36 37,1,30,,8869,45,0,36 37,1,71,,8859,45,0,36 37,1,30,,8866,45,0,36 37,1,71,,8867,45,0,36 37,1,30,,8870,45,0,36 37,1,70,,8872,45,0,36 37,1,30,,8874,45,0,36 37,1,70,,8868,45,0,36 37,1,30,,8871,45,0,36 37,1,69,,8873,45,0,36 37,1,29,,8875,45,0,36 37,1,70,,8876,45,0,36 37,1,30,,8878,45,0,36 37,1,69,,8879,45,0,36 37,1,30,,8881,45,0,36 37,1,19,,8877,45,0,36 37,1,94,,8880,45,0,36 37,1,100,,8882,45,0,36 37,1,96,,8883,45,0,36 37,1,99,,8884,45,0,36 37,1,177,,8885,45,0,36 37,1
1200000300,'53',730,,8886,45,0,36 37,1,70,,8888,45,0,36 37,1,31,,8891,45,0,36 37,1,70,,8893,45,0,36 37,1,31,,8887,45,0,36 37,1,70,,8889,45,0,36 37,1,31,,8892,45,0,36 37,1,71,,8894,45,0,36 37,1,30,,8896,45,0,36 37,1,71,,8890,45,0,36 37,1,30,,8898,45,0,36 37,1,71,,8895,45,0,36 37,1,30,,8897,45,0,36 37,1,70,,8900,45,0,36 37,1,30,,8899,45,0,36 37,1,70,,8904,45,0,36 37,1,30,,8907,45,0,36 37,1,69,,8901,45,0,36 37,1,29,,8909,45,0,36 37,1,70,,8905,45,0,36 37,1,30,,8908,45,0,36 37,1,69,,8902,45,0,36 37,1,30,,8910,45,0,36 37,1,19,,8906,45,0,36 37,1,94,,8903,45,0,36 37,1,157,,8911,45,0,36 37,1
