3101,'51',611,,8077,45,,,2,30,,8079,45,,,2,68,,8078,77,,,2,34,,8080,77,,,2,100,,8081,77,,,2,105,,8082,77,,,2,100,,8083,77,,,2,100,,8084,77,,,2,104,,8086,77,,,2,102,,8085,77,,,2,101,,8087,77,,,2,102,,8088,77,,,2,97,,8089,77,,,2,71,,8093,77,,,2,29,,8090,77,,,2,73,,8091,77,,,2,29,,8094,77,,,2,68,,8092,77,,,2,32,,8095,77,,,2
3400,'51',716,,8099,2,,,2,112,,8100,2,0,24 1 15,2,823,,8102,2,,,2,69,,8104,2,,,2,88,,8105,2,,,2
3701,'51',556,,8188,38,,,2,188,,8189,45,0,32 1 33,2,102,,8190,45,,,2,102,,8191,45,,,2,98,,8192,45,,,2,102,,8193,45,,,2,153,,8194,45,,,2,102,,8195,45,,,2,102,,8196,45,,,2,117,,8197,45,,,2,180,,8198,45,,,2,31,,8199,45,,,2,100,,8200,45,,,2,97,,8201,45,,,2,97,,8202,45,,,2,101,,8203,45,,,2,100,,8204,45,,,2,25,,8205,45,,,2
3701,'52',711,,8206,45,,,2,100,,8207,45,,,2,101,,8208,45,,,2,102,,8209,45,,,2,101,,8210,45,,,2,116,,8211,45,,,2,100,,8212,45,,,2,102,,8213,45,,,2,100,,8214,45,,,2,100,,8215,45,,,2,102,,8216,45,,,2,98,,8222,45,,,2,98,,8223,45,,,2,96,,8217,45,,,2,100,,8218,45,,,2,101,,8219,45,,,2,98,,8220,45,,,2,25,,8221,45,,,2
3701,'53',811,,8224,45,,,2,101,,8225,45,,,2,102,,8226,45,,,2,101,,8227,45,,,2,116,,8228,45,,,2,100,,8229,45,,,2,102,,8230,45,,,2,100,,8231,45,,,2,100,,8232,45,,,2,102,,8233,45,,,2,98,,8234,45,,,2,98,,8235,45,,,2
3800,'51',813,,8238,46,,,2,104,,8237,46,,,2,98,,8236,46,,,2,102,,8239,46,,,2,113,,8240,46,,,2,102,,8241,46,,,2,102,,8242,46,,,2,110,,8243,53,,,2,156,,8244,46,,,2,31,,8245,46,,,2,174,,8246,46,,,2,97,,8247,46,,,2,56,,8248,46,,,2,101,,8249,46,,,2,99,,8250,46,,,2
3800,'52',741,,8251,46,,,2,100,,8252,46,,,2,103,,8253,46,,,2,101,,8254,46,,,2,100,,8255,46,,,2,156,,8256,46,,,2,100,,8257,46,,,2,102,,8258,46,,,2,100,,8259,46,,,2,102,,8260,46,,,2,100,,8261,46,,,2,98,,8265,46,,,2,56,,8266,46,,,2,100,,8262,46,,,2,97,,8263,46,,,2,101,,8264,46,,,2
3800,'53',841,,8267,46,,,2,103,,8268,46,,,2,101,,8269,46,,,2,100,,8270,46,,,2,156,,8271,46,,,2,100,,8272,46,,,2,102,,8273,46,,,2,100,,8274,46,,,2,102,,8275,46,,,2,100,,8276,46,,,2,98,,8277,46,,,2,56,,8278,46,,,2
3900,'51',647,,8280,29,,,2,79,,8281,29,,,2,30,,8279,29,,,2
24100,'64',730,,8386,14,4,,2
24200,'64',733,,8388,16,4,,2
31100,'64',751,,8392,56,,,2
35100,'64',733,,8403,41,,,2
38100,'64',737,,8415,47,,,2
5003700,'51',638,,8501,56,,,2,15,,8502,49,,,2,75,,8504,49,,,2,31,,8505,49,,,2,73,,8503,56,,,2
5003701,'51',1649,,8507,78,,,2,104,,8506,78,,,2,154,,8508,78,,,2
5003801,'51',1729,,8510,77,,,2,87,,8509,77,,,2
2000003101,'52',714,,9118,46,,,2,100,,9119,78,,,2,102,,9120,78,,,2,102,,9121,78,,,2,100,,9122,78,,,2,100,,9123,78,,,2,102,,9124,78,,,2,201,,9125,78,,,2,101,,9126,78,,,2,100,,9127,78,,,2,101,,9128,78,,,2
2000003101,'53',814,,9130,46,,,2,102,,9131,78,,,2,102,,9132,78,,,2,100,,9133,78,,,2,100,,9134,78,,,2,102,,9135,78,,,2,201,,9136,78,,,2,101,,9137,78,,,2,100,,9138,78,,,2,101,,9139,78,,,2
2000003400,'52',755,,9142,2,,,2,87,,9143,2,,,2,86,,9144,2,,,2,84,,9145,2,,,2,46,,9146,2,,,2,85,,9147,2,,,2,87,,9148,2,,,2,171,,9149,2,,,2,43,,9150,2,,,2,87,,9151,2,,,2,83,,9152,2,,,2,90,,9153,2,,,2,42,,9154,2,,,2,84,,9155,2,,,2
2000003400,'53',842,,9157,2,,,2,86,,9158,2,,,2,84,,9159,2,,,2,46,,9160,2,,,2,85,,9161,2,,,2,87,,9162,2,,,2,171,,9163,2,,,2,43,,9164,2,,,2,87,,9165,2,,,2,83,,9166,2,,,2,90,,9167,2,,,2,42,,9168,2,,,2,84,,9169,2,,,2
