3101,'51',628,,8078,13,,,2,74,,8080,13,,,2,102,,8081,13,,,2,105,,8082,13,,,2,100,,8083,13,,,2,100,,8084,13,,,2,104,,8086,13,,,2,102,,8085,13,,,2,101,,8087,13,,,2,101,,8088,13,,,2,97,,8089,13,,,2,31,,8093,13,,,2,70,,8090,13,,,2,33,,8091,13,,,2,69,,8094,13,,,2,28,,8092,13,,,2,72,,8095,13,,,2,295,,8096,13,0,8,2
3701,'51',539,,8188,6,,,2,185,,8189,13,0,32 1 33,2,105,,8190,13,,,2,102,,8191,13,,,2,98,,8192,13,,,2,102,,8193,13,,,2,113,,8194,13,,,2,102,,8195,13,,,2,102,,8196,13,,,2,156,,8197,13,,,2,141,,8198,13,,,2,71,,8199,13,,,2,101,,8200,13,,,2,97,,8201,13,,,2,97,,8202,13,,,2,101,,8203,13,,,2,100,,8204,13,,,2,28,,8205,13,,,2
3701,'52',655,,8206,13,,,2,100,,8207,13,,,2,101,,8208,13,,,2,102,,8209,13,,,2,101,,8210,13,,,2,156,,8211,13,,,2,100,,8212,13,,,2,102,,8213,13,,,2,100,,8214,13,,,2,100,,8215,13,,,2,102,,8216,13,,,2,98,,8222,13,,,2,98,,8223,13,,,2,96,,8217,13,,,2,100,,8218,13,,,2,101,,8219,13,,,2,98,,8220,13,,,2,28,,8221,13,,,2
3701,'53',755,,8224,13,,,2,101,,8225,13,,,2,102,,8226,13,,,2,101,,8227,13,,,2,156,,8228,13,,,2,100,,8229,13,,,2,102,,8230,13,,,2,100,,8231,13,,,2,100,,8232,13,,,2,102,,8233,13,,,2,98,,8234,13,,,2,98,,8235,13,,,2
3901,'51',1638,,8282,21,,,2,84,,8283,21,,,2,85,,8284,21,,,2
31101,'65',1528,,8393,22,,,2
38001,'51',620,,8413,18,,,2,31,,8414,18,,,2
38101,'65',1533,,8416,30,,,2
38501,'63',1650,,8418,16,,,2
5003700,'51',612,,8501,13,,,2,21,,8502,13,,,2,75,,8504,13,,,2,31,,8505,13,,,2,68,,8503,13,,,2
5003701,'51',1626,,8507,35,,,2,104,,8506,35,,,2,114,,8508,35,,,2
2000003101,'52',735,,9119,13,,,2,102,,9120,13,,,2,102,,9121,13,,,2,100,,9122,13,,,2,100,,9123,13,,,2,102,,9124,13,,,2,201,,9125,13,,,2,101,,9126,13,,,2,100,,9127,13,,,2,101,,9128,13,,,2,98,,9129,13,0,8,2
2000003101,'53',837,,9131,13,,,2,102,,9132,13,,,2,100,,9133,13,,,2,100,,9134,13,,,2,102,,9135,13,,,2,201,,9136,13,,,2,101,,9137,13,,,2,100,,9138,13,,,2,101,,9139,13,,,2,98,,9140,13,0,8,2
