2201,'51',1634,,7972,4,,,2
2201,'68',1634,,7975,4,,,2
2301,'51',1634,,8043,4,,,2
2301,'68',1634,,8070,4,,,2
3400,'51',622,,8098,37,,,2,117,,8099,39,,,2,77,,8097,37,,,2,715,,8101,28,,,2,82,,8103,37,,,2,102,,8102,39,,,2,27,,8104,39,,,2,88,,8105,39,,,2
3401,'51',1637,,8109,4,,,2
3501,'51',558,,8115,33,,,2,97,,8116,35,,,2,82,,8117,35,,,2,86,,8118,35,,,2,97,,8119,35,,,2,37,,8120,35,,,2,85,,8121,35,,,2,85,,8122,35,,,2,85,,8123,35,,,2,45,,8124,35,,,2,85,,8125,35,,,2,88,,8126,35,,,2,88,,8127,35,,,2,90,,8128,35,,,2,49,,8129,35,,,2,79,,8130,35,,,2,81,,8131,35,,,2,83,,8132,35,,,2,37,,8133,35,,,2,77,,8134,35,,,2,26,,8135,35,,,2,71,,8136,35,,,2,27,,8137,35,,,2,78,,8138,35,,,2,30,,8139,35,,,2,68,,8140,35,,,2,25,,8141,35,,,2
3501,'52',721,,8142,35,,,2,30,,8143,35,,,2,70,,8144,35,,,2,30,,8145,35,,,2,72,,8146,35,,,2,33,,8147,35,,,2,86,,8148,35,,,2,85,,8149,35,,,2,85,,8150,35,,,2,47,,8151,35,,,2,89,,8152,35,,,2,85,,8153,35,,,2,86,,8154,35,,,2,85,,8155,35,,,2,45,,8156,35,,,2,81,,8157,35,,,2,84,,8158,35,,,2,39,,8159,35,,,2,80,,8160,35,,,2,85,,8161,35,,,2,30,,8162,35,,,2,68,,8163,35,,,2,28,,8164,35,,,2,70,,8165,35,,,2,30,,8166,35,,,2,68,,8167,35,,,2,25,,8168,35,,,2
3501,'53',851,,8169,35,,,2,72,,8170,35,,,2,33,,8171,35,,,2,86,,8172,35,,,2,85,,8173,35,,,2,85,,8174,35,,,2,47,,8175,35,,,2,89,,8176,35,,,2,85,,8177,35,,,2,86,,8178,35,,,2,85,,8179,35,,,2,45,,8180,35,,,2,81,,8181,35,,,2,84,,8182,35,,,2,39,,8184,35,,,2,80,,8185,35,,,2,85,,8183,35,,,2
3600,'51',630,,8186,33,,,2,276,,8187,33,,,2
20001,'51',602,,8328,13,0,14,2,24,,8329,13,0,14,2,820,,8330,13,0,36 37,2,72,,8331,13,0,36 37,2
20001,'52',633,,8332,13,0,36 37,2,19,,8333,13,0,14,2,51,,8334,13,0,36 37,2
1200000201,'68',1635,,8800,6,0,29,1
2000003400,'52',732,,9141,37,,,2,84,,9142,39,,,2,87,,9143,39,,,2,46,,9144,39,,,2,84,,9145,39,,,2,86,,9146,39,,,2,85,,9147,39,,,2,47,,9148,39,,,2,171,,9149,39,,,2,83,,9150,39,,,2,47,,9151,39,,,2,83,,9152,39,,,2,90,,9153,39,,,2,82,,9154,39,,,2,44,,9155,39,,,2
2000003400,'53',814,,9156,37,,,2,89,,9157,39,,,2,46,,9158,39,,,2,84,,9159,39,,,2,86,,9160,39,,,2,85,,9161,39,,,2,47,,9162,39,,,2,171,,9163,39,,,2,83,,9164,39,,,2,47,,9165,39,,,2,83,,9166,39,,,2,90,,9167,39,,,2,82,,9168,39,,,2,44,,9169,39,,,2
