20000,'51',838,,8323,2,,,2,70,,8321,2,,,2,27,,8320,2,,,2,69,,8322,2,,,2
5002300,'51',701,,8479,61,4,,2,33,,8481,61,4,,2,69,,8482,61,4,,2,30,,8480,61,4,,2
5002301,'51',1527,,8486,2,,,2,81,,8484,2,,,2,30,,8483,2,,,2,163,,8485,2,,,2
5002400,'51',734,,8489,37,4,,2,67,,8487,37,4,,2,30,,8488,37,4,,2
5002401,'51',1528,,8492,2,,,2,81,,8490,2,,,2,30,,8491,2,,,2
5003400,'51',707,,8494,39,4,,2,23,,8493,39,4,,2
5003401,'51',1605,5,8495,2,,,2
5003601,'51',1525,,8498,2,,,2,79,,8499,2,,,2,25,,8500,2,,,2
5003700,'51',729,,8502,67,4,,2,77,,8504,67,4,,2,30,,8505,67,4,,2,68,,8503,74,4,,2
5003701,'51',1524,,8507,2,,,2,106,2,8506,2,,,2,127,3,8508,2,,,2
5003801,'51',1605,,8510,2,,,2,96,44,8509,2,,,2
1200000201,'51',618,6,8663,2,0,29,1,15,6,8661,2,0,29,1,19,6,8665,2,0,29,1,50,46,8671,2,0,29,1,9,6,8668,2,0,29,1,3,,8676,2,4,,1,5,6,8660,2,0,29,1,10,6,8670,2,0,29,1,18,6,8673,2,0,29,1,58,46,8679,2,0,29,1,15,6,8659,2,0,29,1,15,6,8681,2,0,29,1,15,6,8664,2,0,29,1,52,46,8675,2,0,29,1,12,6,8662,2,0,29,1,13,6,8678,2,0,29,1,15,6,8666,2,0,29,1,12,6,8685,2,0,29,1,57,6,8684,2,0,29,1,18,6,8687,2,0,29,1,14,6,8683,2,0,29,1,15,6,8682,2,0,29,1,55,6,8688,2,0,29,1,15,6,8690,2,0,29,1,15,6,8691,2,0,29,1,15,6,8692,2,0,29,1,55,6,8686,2,0,29,1,15,6,8693,2,0,29,1,15,6,8694,2,0,29,1,15,6,8695,2,0,29,1,56,6,8696,2,0,29,1,15,6,8697,2,0,29,1,15,6,8689,2,0,29,1,15,6,8698,2,0,29,1,54,6,8700,2,0,29,1,15,6,8701,2,0,29,1,15,6,8702,2,0,29,1,11,,8706,2,0,29,1,51,46,8699,2,0,29,1,13,6,8704,2,0,29,1,16,6,8709,2,0,29,1,15,6,8710,2,0,29,1,57,47,8712,2,0,29,1,11,6,8703,2,0,29,1,14,6,8714,2,0,29,1,15,6,8708,2,0,29,1,56,46,8716,2,0,29,1,17,6,8718,2,0,29,1,11,6,8720,2,0,29,1,15,6,8707,2,0,29,1,13,,8713,2,0,29,1,48,49,8705,2,0,29,1,8,6,8721,2,0,29,1,14,6,8711,2,0,29,1,14,6,8715,2,0,29,1,14,6,8717,2,0,29,1,54,5,8722,2,0,29,1,14,5,8719,2,0,29,1,20,5,8723,2,0,29,1,70,5,8724,2,0,29,1,32,5,8726,2,0,29,1,76,8,8728,2,0,29,1,30,4,8730,2,0,29,1,71,3,8725,2,0,29,1,28,3,8727,2,0,29,1,71,2,8729,2,0,29,1,86,62,8731,2,0,29,1
1200000201,'52',656,6,8732,2,0,29,1,70,6,8740,2,0,29,1,29,6,8738,2,0,29,1,71,6,8736,2,0,29,1,31,6,8742,2,0,29,1,70,6,8733,2,0,29,1,30,6,8741,2,0,29,1,70,6,8739,2,0,29,1,30,6,8744,2,0,29,1,70,6,8743,2,0,29,1,30,6,8734,2,0,29,1,72,6,8747,2,0,29,1,30,6,8748,2,0,29,1,70,6,8745,2,0,29,1,30,6,8746,2,0,29,1,71,6,8751,2,0,29,1,70,46,8750,2,0,29,1,29,6,8749,2,0,29,1,30,6,8754,2,0,29,1,72,6,8756,2,0,29,1,70,46,8752,2,0,29,1,30,6,8759,2,0,29,1,70,46,8758,2,0,29,1,28,6,8755,2,0,29,1,27,6,8757,2,0,29,1,68,6,8762,2,0,29,1,29,5,8753,2,0,29,1,71,5,8760,2,0,29,1,27,3,8763,2,0,29,1,68,2,8765,2,0,29,1,31,3,8764,2,0,29,1,70,3,8768,2,0,29,1,30,3,8761,2,0,29,1,69,2,8766,2,0,29,1,88,60,8767,2,0,29,1
1200000201,'53',755,6,8770,2,0,29,1,71,6,8772,2,0,29,1,31,6,8774,2,0,29,1,70,6,8776,2,0,29,1,30,6,8778,2,0,29,1,70,6,8782,2,0,29,1,30,6,8780,2,0,29,1,70,6,8784,2,0,29,1,30,6,8781,2,0,29,1,72,6,8779,2,0,29,1,30,6,8783,2,0,29,1,70,6,8785,2,0,29,1,30,6,8777,2,0,29,1,71,6,8786,2,0,29,1,70,46,8788,2,0,29,1,29,6,8791,2,0,29,1,30,6,8793,2,0,29,1,72,6,8795,2,0,29,1,70,46,8787,2,0,29,1,30,6,8789,2,0,29,1,70,46,8792,2,0,29,1,28,6,8794,2,0,29,1,27,6,8796,2,0,29,1,68,6,8798,2,0,29,1,29,5,8797,2,0,29,1,71,5,8790,2,0,29,1,27,3,8799,2,0,29,1
1200000201,'69',738,,8801,2,4,,1,87,,8802,2,4,,1,700,,8803,2,0,29,1,17,,8804,2,0,29,1
1200000301,'51',646,6,8913,2,,,1,59,47,8917,2,,,1,12,,8919,2,4,,1,13,,8924,2,4,,1,7,7,8912,2,,,1,3,,8916,2,4,,1,10,,8925,2,4,,1,50,,8926,2,4,,1,5,48,8927,2,,,1,4,,8921,2,4,,1,23,8,8928,2,,,1,26,6,8914,2,,,1,70,6,8918,2,,,1,27,6,8922,2,,,1,76,6,8929,2,,,1,20,6,8931,2,,,1,60,6,8930,2,,,1,20,6,8933,2,,,1,20,6,8923,2,,,1,60,6,8935,2,,,1,22,6,8937,2,,,1,20,6,8932,2,,,1,60,6,8938,2,,,1,20,6,8934,2,,,1,18,6,8940,2,,,1,60,6,8936,2,,,1,19,6,8941,2,,,1,20,6,8942,2,,,1,57,4,8939,2,,,1,10,,8944,2,,,1,19,7,8943,2,,,1,15,,8952,2,,,1,59,,8949,2,,,1,13,,8951,2,,,1,16,,8946,2,,,1,17,,8945,2,,,1,58,,8955,2,,,1,17,4,8953,2,,,1,15,,8958,2,,,1,8,,8948,2,,,1,48,,8950,2,,,1,15,,8947,2,,,1,19,6,8954,2,,,1,23,6,8957,2,,,1,64,5,8956,2,,,1,31,5,8966,2,,,1,70,5,8965,2,,,1,30,5,8967,2,,,1,74,9,8961,2,,,1
1200000301,'52',725,5,8968,2,,,1,30,5,8972,2,,,1,71,5,8974,2,,,1,31,5,8976,2,,,1,70,5,8969,2,,,1,31,5,8973,2,,,1,70,6,8975,2,,,1,31,6,8977,2,,,1,71,6,8970,2,,,1,71,46,8981,2,,,1,31,6,8971,2,,,1,70,46,8978,2,,,1,31,6,8979,2,,,1,70,46,8982,2,,,1,30,6,8984,2,,,1,70,46,8986,2,,,1,30,6,8980,2,,,1,70,46,8983,2,,,1,31,6,8985,2,,,1,68,46,8987,2,,,1,30,6,8988,2,,,1,69,45,8989,2,,,1,28,5,8990,2,,,1,27,3,8992,2,,,1
1200000301,'53',755,5,8998,2,,,1,71,5,9000,2,,,1,31,5,9003,2,,,1,70,5,9005,2,,,1,31,5,8999,2,,,1,70,6,9001,2,,,1,31,6,9004,2,,,1,71,6,9006,2,,,1,71,46,9008,2,,,1,31,6,9002,2,,,1,70,46,9010,2,,,1,31,6,9007,2,,,1,70,46,9009,2,,,1,30,6,9012,2,,,1,70,46,9011,2,,,1,30,6,9015,2,,,1,70,46,9017,2,,,1,31,6,9013,2,,,1,68,46,9019,2,,,1,30,6,9016,2,,,1,69,45,9018,2,,,1,28,5,9014,2,,,1,27,3,9020,2,,,1
1200000401,'51',732,,9028,2,4,,1,18,,9029,2,4,,1,56,,9030,2,4,,1,15,,9027,2,4,,1,790,,9031,2,,,1,31,,9034,2,,,1,67,4,9035,2,,,1
