1500,'51',543,,7883,2,0,29,2,72,,7885,2,0,29,2,29,,7887,2,0,29,2,61,,7884,5,0,29,2,39,,7886,5,0,29,2,80,,7888,5,0,10 11,2,113,,7889,2,0,12 13,2,100,,7890,2,0,12 13,2,100,,7891,5,0,12 13,2,101,,7892,1,0,12 13,2
1501,'51',1237,,7894,39,4,,2,101,,7895,39,4,,2,96,,7896,39,4,,2,74,,7897,39,4,,2,94,,7899,56,0,34 35 6 41,2,50,,7898,56,0,34 35 6 41,2,55,,7901,56,0,34 35 6 41,2,28,,7904,56,4,,2,75,,7903,56,0,34 35 6 41,2,36,,7900,39,4,,2,76,,7902,39,4,,2,105,,7905,39,4,,2,105,,7906,39,4,,2,82,,7907,39,4,,2
1501,'68',1709,,7908,41,4,,2
13100,'64',701,,8305,2,,,2
13101,'65',1605,,8306,78,4,,2
15600,'62',812,,8316,2,,,2
15601,'63',1639,,8317,32,,,2
15801,'68',1654,,8319,30,4,,2
2000001500,'52',731,,9066,2,,,2,100,7,9067,1,,,2,100,6,9068,1,,,2,94,,9069,1,,,2,109,7,9070,1,,,2,101,7,9071,1,,,2,191,,9072,2,,,2,102,7,9073,1,,,2,96,,9074,1,,,2,107,4,9075,1,,,2,96,3,9076,1,,,2
2000001500,'53',831,,9077,2,,,2,100,6,9078,1,,,2,94,,9079,1,,,2,109,7,9080,1,,,2,101,7,9081,1,,,2,191,,9082,2,,,2,102,7,9083,1,,,2,96,,9084,1,,,2,107,4,9085,1,,,2,96,3,9086,1,,,2
2000001501,'52',824,,9087,39,4,,2,101,,9088,39,4,,2,100,,9089,39,4,,2,102,,9090,39,4,,2,101,,9091,39,4,,2,102,,9092,39,4,,2,191,,9093,39,4,,2,102,,9094,39,4,,2,104,,9095,39,4,,2,97,,9096,39,4,,2,96,,9097,39,4,,2
2000001501,'53',925,,9098,39,4,,2,100,,9099,39,4,,2,102,,9100,39,4,,2,101,,9101,39,4,,2,102,,9102,39,4,,2,191,,9103,39,4,,2,102,,9104,39,4,,2,104,,9105,39,4,,2,97,,9106,39,4,,2,96,,9107,39,4,,2
