2300,'51',610,,7994,48,,,2,235,,7997,48,0,14 1 15,2,71,,7976,48,,,2,36,,7979,48,,,2,70,,7977,48,,,2,31,,7980,48,,,2,70,,7978,48,,,2,30,,7981,48,,,2,71,,7983,34,,,2,30,,7982,34,,,2,70,,7984,34,,,2,30,,7986,34,,,2,72,,7985,34,,,2,33,,7987,34,,,2,70,,7996,34,,,2,117,,7998,34,,,2,75,,7995,34,,,2,28,,7988,34,,,2,72,,7990,34,,,2,27,,7989,34,,,2,78,,7991,34,,,2,102,,7992,34,,,2,95,,7993,34,,,2
2300,'52',647,,7999,48,,,2,100,,8000,48,,,2,101,,8001,48,,,2,101,,8002,48,,,2,101,,8003,48,,,2,101,,8004,48,,,2,101,,8005,48,,,2,100,,8006,34,,,2,100,,8007,34,,,2,100,,8008,34,,,2,101,,8009,34,,,2,88,,8010,34,,,2
2300,'53',747,,8011,48,,,2,101,,8012,48,,,2,101,,8013,48,,,2,101,,8014,48,,,2,101,,8015,48,,,2,101,,8016,48,,,2,100,,8017,34,,,2,100,,8018,34,,,2,100,,8019,34,,,2,101,,8020,34,,,2,88,,8021,34,,,2
2300,'67',844,,8022,12,0,14 1 15,2
2400,'51',640,,8071,24,,,2
6500,'51',643,,8286,63,,,2,59,,8287,63,,,2,30,,8285,45,,,2
22100,'64',713,,8370,18,,,2
5002300,'51',637,,8479,48,,,2,66,,8481,48,,,2,30,,8482,48,,,2,71,,8480,48,,,2
5002400,'51',703,,8489,24,,,2,28,,8487,24,,,2,72,,8488,24,,,2
1200000100,'51',557,,8517,39,0,14,1,64,,8518,39,0,34 35 6 31,1,30,,8519,39,0,34 35 6 31,1,59,,8520,39,0,34 35 6 31,1,30,,8523,39,0,16 1 17,1,71,,8521,39,0,34 35 6 31,1
1200000300,'51',619,,8806,39,0,36 37,1,16,,8809,39,0,36 37,1,14,,8811,39,0,36 37,1,10,,8815,39,0,36 37,1,49,,8808,39,0,36 37,1,10,,8816,39,0,36 37,1,10,,8817,39,0,36 37,1,10,,8812,39,0,36 37,1,15,,8820,39,0,36 37,1,56,,8822,39,0,36 37,1,16,,8807,39,0,36 37,1,15,,8818,39,0,36 37,1,15,,8810,39,0,36 37,1,55,,8805,39,0,36 37,1,15,,8813,39,0,36 37,1,15,,8819,39,0,36 37,1,60,,8821,39,0,36 37,1,20,,8824,39,0,36 37,1,20,,8823,39,0,36 37,1,60,,8826,39,0,36 37,1,20,,8814,39,0,36 37,1,20,,8828,39,0,36 37,1,62,,8830,39,0,36 37,1,20,,8825,39,0,36 37,1,20,,8831,39,0,36 37,1,60,,8827,39,0,36 37,1,18,,8833,39,0,36 37,1,20,,8829,39,0,36 37,1,19,,8834,39,0,36 37,1,60,,8836,39,0,36 37,1,19,,8832,39,0,36 37,1,65,,8838,39,0,36 37,1,31,,8840,41,0,36 37,1,67,,8835,41,0,36 37,1,29,,8837,41,0,36 37,1,71,,8841,41,0,36 37,1,31,,8839,41,0,36 37,1,73,,8842,41,0,36 37,1,24,,8844,39,0,36 37,1,27,,8843,39,0,36 37,1,61,,8850,39,0,36 37,1,30,,8852,39,0,36 37,1,72,,8853,39,0,36 37,1,33,,8855,39,0,36 37,1,66,,8851,39,0,36 37,1,27,,8849,39,0,36 37,1,70,,8854,39,0,36 37,1,30,,8847,39,0,36 37,1,66,,8845,39,0,36 37,1,30,,8848,39,0,36 37,1,68,,8846,39,0,36 37,1
1200000300,'52',657,,8856,39,0,36 37,1,70,,8860,39,0,36 37,1,30,,8862,39,0,36 37,1,71,,8864,39,0,36 37,1,30,,8857,39,0,36 37,1,71,,8861,39,0,36 37,1,30,,8863,39,0,36 37,1,71,,8865,39,0,36 37,1,71,,8858,39,0,36 37,1,30,,8869,39,0,36 37,1,71,,8859,39,0,36 37,1,30,,8866,39,0,36 37,1,71,,8867,39,0,36 37,1,30,,8870,39,0,36 37,1,70,,8872,39,0,36 37,1,30,,8874,39,0,36 37,1,70,,8868,39,0,36 37,1,30,,8871,39,0,36 37,1,69,,8873,39,0,36 37,1,30,,8875,39,0,36 37,1,70,,8876,39,0,36 37,1,30,,8878,39,0,36 37,1,69,,8879,39,0,36 37,1,30,,8881,39,0,36 37,1,19,,8877,39,0,36 37,1,94,,8880,39,0,36 37,1,100,,8882,39,0,36 37,1,96,,8883,39,0,36 37,1,99,,8884,39,0,36 37,1,177,,8885,39,0,36 37,1
1200000300,'53',727,,8886,39,0,36 37,1,30,,8888,39,0,36 37,1,71,,8891,39,0,36 37,1,30,,8893,39,0,36 37,1,71,,8887,39,0,36 37,1,30,,8889,39,0,36 37,1,71,,8892,39,0,36 37,1,71,,8894,39,0,36 37,1,30,,8896,39,0,36 37,1,71,,8890,39,0,36 37,1,30,,8898,39,0,36 37,1,71,,8895,39,0,36 37,1,30,,8897,39,0,36 37,1,70,,8900,39,0,36 37,1,30,,8899,39,0,36 37,1,70,,8904,39,0,36 37,1,30,,8907,39,0,36 37,1,69,,8901,39,0,36 37,1,30,,8909,39,0,36 37,1,70,,8905,39,0,36 37,1,30,,8908,39,0,36 37,1,69,,8902,39,0,36 37,1,30,,8910,39,0,36 37,1,19,,8906,39,0,36 37,1,94,,8903,39,0,36 37,1,157,,8911,39,0,36 37,1
2000002200,'51',645,,9108,65,0,18 19 20,2,90,,9110,37,0,18 19 20,2,100,,9112,37,0,18 19 20,2
2000002201,'51',1626,,9113,69,0,21 22 1 18 19 20 44 45,2,83,,9114,69,0,21 22 1 18 19 20 44 45,2,44,,9115,69,0,21 22 1 18 19 20 44 45,2,88,,9116,69,0,21 22 1 18 19 20 44 45,2
