2301,'51',624,,8041,8,,,2,30,,8045,8,,,2,150,,8046,8,,,2,38,,8023,8,,,2,72,,8027,8,,,2,29,,8024,8,,,2,75,,8028,8,,,2,31,,8025,8,,,2,70,,8029,8,,,2,30,,8026,8,,,2,70,,8030,8,,,2,31,,8031,8,,,2,70,,8033,8,,,2,30,,8032,8,,,2,70,,8034,8,,,2,34,,8044,8,,,2,82,,8042,8,,,2,106,,8043,12,,,2,104,,8036,8,,,2,69,,8035,8,,,2,38,,8037,8,,,2,102,,8038,8,,,2,90,,8039,8,,,2,114,,8040,8,,,2
2301,'52',700,,8047,8,,,2,100,,8048,8,,,2,101,,8049,8,,,2,101,,8050,8,,,2,101,,8051,8,,,2,101,,8052,8,,,2,101,,8053,8,,,2,100,,8054,8,,,2,100,,8055,8,,,2,100,,8056,8,,,2,101,,8057,8,,,2,97,,8058,8,,,2
2301,'53',800,,8059,8,,,2,101,,8060,8,,,2,101,,8061,8,,,2,101,,8062,8,,,2,101,,8063,8,,,2,101,,8064,8,,,2,100,,8065,8,,,2,100,,8066,8,,,2,100,,8067,8,,,2,101,,8068,8,,,2,97,,8069,8,,,2
2301,'68',1642,,8070,12,,,2
22101,'65',1527,,8371,21,,,2
22201,'65',1526,,8373,20,,,2
22500,'62',800,,8374,5,,,2
23101,'65',1525,,8379,21,,,2
5002301,'51',1609,,8486,18,,,2,46,,8484,18,,,2,66,,8483,18,,,2,110,,8485,18,,,2
5002401,'51',1610,,8492,18,,,2,46,,8490,18,,,2,65,,8491,18,,,2
5004301,'61',1649,,8514,13,0,14 1 18 19 20,2,95,,8516,13,0,14 1 18 19 20,2,89,,8515,13,0,14 1 18 19 20,2
1200000101,'51',1601,,8526,59,,,1,32,,8527,59,,,1,71,,8528,59,,,1,31,,8529,59,,,1
1200000301,'51',611,,8915,8,,,1,28,,8920,8,,,1,75,,8913,21,,,1,20,,8917,21,,,1,75,,8912,21,,,1,29,,8927,21,,,1,65,,8928,21,,,1,25,,8914,21,,,1,29,,8918,21,,,1,67,,8922,21,,,1,76,,8929,21,,,1,20,,8931,21,,,1,20,,8930,21,,,1,60,,8933,21,,,1,23,,8923,21,,,1,20,,8935,21,,,1,62,,8937,21,,,1,19,,8932,21,,,1,20,,8938,21,,,1,60,,8934,21,,,1,18,,8940,21,,,1,20,,8936,21,,,1,59,,8941,21,,,1,24,,8942,21,,,1,17,,8939,18,,,1,16,,8944,18,,,1,62,,8943,18,,,1,18,,8952,18,,,1,19,,8949,18,,,1,51,,8951,18,,,1,14,,8946,18,,,1,14,,8945,18,,,1,16,,8955,18,,,1,54,,8953,18,,,1,12,,8958,18,,,1,8,,8948,18,,,1,7,,8950,18,,,1,13,,8947,18,,,1,56,,8954,18,,,1,24,,8957,21,,,1,24,,8956,21,,,1,71,,8966,21,,,1,30,,8965,21,,,1,70,,8967,21,,,1,33,,8961,21,,,1,72,,8959,8,,,1,30,,8962,8,,,1,68,,8960,8,,,1,30,,8963,8,,,1,79,,8964,8,,,1
1200000301,'52',750,,8968,21,,,1,70,,8972,21,,,1,31,,8974,21,,,1,71,,8976,21,,,1,31,,8969,21,,,1,72,,8973,21,,,1,31,,8975,21,,,1,71,,8977,21,,,1,31,,8970,21,,,1,71,,8981,21,,,1,71,,8971,21,,,1,31,,8978,21,,,1,71,,8979,21,,,1,30,,8982,21,,,1,70,,8984,21,,,1,30,,8986,21,,,1,70,,8980,21,,,1,31,,8983,21,,,1,71,,8985,21,,,1,27,,8987,21,,,1,28,,8988,21,,,1,69,,8989,21,,,1,27,,8990,21,,,1,67,,8992,21,,,1,35,,8991,8,,,1,100,,8993,8,,,1,96,,8994,8,,,1,99,,8995,8,,,1,78,,8996,8,,,1,102,,8997,8,,,1
1200000301,'53',820,,8998,21,,,1,31,,9000,21,,,1,71,,9003,21,,,1,31,,9005,21,,,1,72,,8999,21,,,1,31,,9001,21,,,1,71,,9004,21,,,1,31,,9006,21,,,1,71,,9008,21,,,1,71,,9002,21,,,1,31,,9010,21,,,1,71,,9007,21,,,1,30,,9009,21,,,1,70,,9012,21,,,1,30,,9011,21,,,1,70,,9015,21,,,1,31,,9017,21,,,1,71,,9013,21,,,1,27,,9019,21,,,1,28,,9016,21,,,1,69,,9018,21,,,1,27,,9014,21,,,1,67,,9020,21,,,1,35,,9021,8,,,1,161,,9022,8,,,1
