20001,'51',1458,,8330,19,4,,2,72,,8331,19,4,,2
20001,'52',644,,8332,19,4,,2,70,,8334,19,4,,2
5002300,'51',656,,8479,58,4,,2,72,,8481,58,4,,2,29,,8482,58,4,,2,70,,8480,58,4,,2
5002400,'51',728,,8489,34,4,,2,27,,8487,34,4,,2,70,,8488,34,4,,2
5003400,'51',701,,8494,36,4,,2,23,,8493,36,4,,2
5003600,'51',723,,8496,24,4,,2,27,,8497,19,4,,2
5003700,'51',706,,8501,71,4,,2,17,,8502,64,4,,2,77,,8504,64,4,,2,30,,8505,64,4,,2,29,,8503,71,4,,2
1200000200,'51',606,,8533,31,4,,1,15,,8531,53,4,,1,19,,8535,53,4,,1,10,,8539,31,4,,1,9,,8537,53,4,,1,48,,8542,31,4,,1,9,,8538,53,4,,1,18,,8540,53,4,,1,18,,8544,53,4,,1,55,,8530,53,4,,1,15,,8545,53,4,,1,15,,8534,53,4,,1,13,,8541,53,4,,1,52,,8532,53,4,,1,13,,8543,53,4,,1,15,,8536,53,4,,1,12,,8549,53,4,,1,17,,8548,53,4,,1,57,,8551,53,4,,1,14,,8547,53,4,,1,15,,8546,53,4,,1,55,,8552,53,4,,1,15,,8554,53,4,,1,15,,8555,53,4,,1,15,,8556,53,4,,1,55,,8550,53,4,,1,15,,8557,53,4,,1,15,,8558,53,4,,1,15,,8559,53,4,,1,56,,8560,53,4,,1,15,,8561,53,4,,1,15,,8553,53,4,,1,15,,8562,53,4,,1,54,,8564,53,4,,1,15,,8565,53,4,,1,15,,8566,53,4,,1,22,,8563,53,4,,1,52,,8568,53,4,,1,16,,8571,53,4,,1,15,,8572,53,4,,1,16,,8574,53,4,,1,52,,8567,53,4,,1,14,,8575,53,4,,1,15,,8570,53,4,,1,16,,8577,53,4,,1,9,,8581,40,4,,1,48,,8579,53,4,,1,12,,8583,53,4,,1,15,,8569,53,4,,1,15,,8582,53,4,,1,54,,8584,53,4,,1,14,,8573,53,4,,1,14,,8576,53,4,,1,15,,8578,53,4,,1,15,,8585,53,4,,1,54,,8580,53,4,,1,30,,8588,53,4,,1,70,,8587,53,4,,1,30,,8592,53,4,,1,70,,8586,53,4,,1,29,,8594,53,4,,1,72,,8589,53,4,,1,28,,8591,53,4,,1,72,,8593,53,4,,1,26,,8595,53,4,,1
1200000200,'52',743,,8599,53,4,,1,70,,8598,53,4,,1,31,,8602,53,4,,1,70,,8596,53,4,,1,30,,8601,53,4,,1,71,,8600,53,4,,1,30,,8604,53,4,,1,70,,8603,53,4,,1,30,,8597,53,4,,1,72,,8607,53,4,,1,30,,8608,53,4,,1,70,,8605,53,4,,1,30,,8606,53,4,,1,71,,8611,53,4,,1,30,,8610,53,4,,1,69,,8609,53,4,,1,30,,8614,53,4,,1,70,,8616,53,4,,1,30,,8612,53,4,,1,70,,8619,53,4,,1,30,,8618,53,4,,1,69,,8615,53,4,,1,28,,8617,53,4,,1,68,,8622,53,4,,1,30,,8613,53,4,,1,71,,8620,53,4,,1,29,,8623,53,4,,1,69,,8625,53,4,,1,30,,8624,53,4,,1,70,,8628,53,4,,1,30,,8621,53,4,,1,70,,8626,53,4,,1,30,,8627,53,4,,1
1200000200,'53',743,,8629,53,4,,1,70,,8630,53,4,,1,31,,8631,53,4,,1,70,,8632,53,4,,1,30,,8634,53,4,,1,71,,8638,53,4,,1,30,,8636,53,4,,1,70,,8640,53,4,,1,30,,8637,53,4,,1,72,,8635,53,4,,1,30,,8639,53,4,,1,70,,8641,53,4,,1,30,,8633,53,4,,1,71,,8642,53,4,,1,30,,8644,53,4,,1,69,,8647,53,4,,1,30,,8649,53,4,,1,70,,8651,53,4,,1,30,,8643,53,4,,1,70,,8645,53,4,,1,30,,8648,53,4,,1,69,,8650,53,4,,1,28,,8652,53,4,,1,68,,8654,53,4,,1,30,,8653,53,4,,1,71,,8646,53,4,,1,29,,8655,53,4,,1
1200000200,'69',731,,8656,31,4,,1,87,,8657,31,4,,1
1200000300,'51',634,,8806,49,4,,1,18,,8809,49,4,,1,58,,8811,49,4,,1,13,,8815,49,4,,1,10,,8808,49,4,,1,10,,8816,49,4,,1,10,,8817,49,4,,1,49,,8812,49,4,,1,15,,8820,49,4,,1,14,,8822,49,4,,1,15,,8807,49,4,,1,56,,8818,51,4,,1,14,,8810,51,4,,1,13,,8805,51,4,,1,14,,8813,51,4,,1,15,,8819,51,4,,1,60,,8821,51,4,,1,20,,8824,51,4,,1,20,,8823,51,4,,1,60,,8826,51,4,,1,20,,8814,51,4,,1,20,,8828,51,4,,1,62,,8830,51,4,,1,20,,8825,51,4,,1,60,,8831,51,4,,1,20,,8827,51,4,,1,18,,8833,51,4,,1,20,,8829,51,4,,1,59,,8834,51,4,,1,20,,8836,51,4,,1,19,,8832,51,4,,1,65,,8838,51,4,,1,31,,8840,53,4,,1,68,,8835,53,4,,1,29,,8837,53,4,,1,71,,8841,53,4,,1,30,,8839,53,4,,1,73,,8842,53,4,,1,24,,8844,51,4,,1,65,,8843,51,4,,1,21,,8850,51,4,,1,70,,8852,51,4,,1,32,,8853,51,4,,1,73,,8855,51,4,,1
1200000300,'52',714,,8856,51,4,,1,30,,8860,51,4,,1,70,,8862,51,4,,1,31,,8864,51,4,,1,70,,8857,51,4,,1,31,,8861,51,4,,1,70,,8863,51,4,,1,31,,8865,51,4,,1,71,,8858,51,4,,1,31,,8869,51,4,,1,71,,8859,51,4,,1,30,,8866,51,4,,1,71,,8867,51,4,,1,30,,8870,51,4,,1,70,,8872,51,4,,1,30,,8874,51,4,,1,70,,8868,51,4,,1,30,,8871,51,4,,1,69,,8873,51,4,,1,28,,8875,51,4,,1,70,,8876,51,4,,1,30,,8878,51,4,,1,69,,8879,51,4,,1,30,,8881,51,4,,1
1200000300,'53',744,,8886,51,4,,1,70,,8888,51,4,,1,31,,8891,51,4,,1,70,,8893,51,4,,1,31,,8887,51,4,,1,70,,8889,51,4,,1,31,,8892,51,4,,1,71,,8894,51,4,,1,31,,8896,51,4,,1,71,,8890,51,4,,1,30,,8898,51,4,,1,71,,8895,51,4,,1,30,,8897,51,4,,1,70,,8900,51,4,,1,30,,8899,51,4,,1,70,,8904,51,4,,1,30,,8907,51,4,,1,69,,8901,51,4,,1,28,,8909,51,4,,1,70,,8905,51,4,,1,30,,8908,51,4,,1,69,,8902,51,4,,1,30,,8910,51,4,,1
1200000400,'51',725,,9024,55,4,,1,18,,9025,55,4,,1,16,,9026,55,4,,1,55,,9023,55,4,,1
