22101,'65',1518,,8371,13,,,2
22201,'65',1519,,8373,13,,,2
23101,'65',1518,,8379,13,,,2
5003700,'51',647,,8501,65,,,2,55,,8502,58,,,2,35,,8504,58,,,2,71,,8505,58,,,2,32,,8503,65,,,2
5004200,'61',707,,8511,25,,,2
1200000101,'51',1553,,8526,51,,,1,72,,8527,51,,,1,31,,8528,51,,,1,71,,8529,51,,,1
1200000200,'51',554,,8533,25,,,1,55,,8531,47,,,1,15,,8535,47,,,1,8,,8539,25,,,1,8,,8537,47,,,1,8,,8542,25,,,1,9,,8538,47,,,1,55,,8540,47,,,1,16,,8544,47,,,1,17,,8530,47,,,1,55,,8545,47,,,1,15,,8534,47,,,1,14,,8541,47,,,1,14,,8532,47,,,1,15,,8543,47,,,1,59,,8536,47,,,1,13,,8549,47,,,1,17,,8548,47,,,1,57,,8551,47,,,1,14,,8547,47,,,1,15,,8546,47,,,1,15,,8552,47,,,1,55,,8554,47,,,1,15,,8555,47,,,1,15,,8556,47,,,1,15,,8550,47,,,1,55,,8557,47,,,1,15,,8558,47,,,1,15,,8559,47,,,1,16,,8560,47,,,1,55,,8561,47,,,1,15,,8553,47,,,1,15,,8562,47,,,1,14,,8564,47,,,1,55,,8565,47,,,1,15,,8566,47,,,1,21,,8563,47,,,1,12,,8568,47,,,1,56,,8571,47,,,1,15,,8572,47,,,1,16,,8574,47,,,1,12,,8567,47,,,1,54,,8575,47,,,1,15,,8570,47,,,1,15,,8577,47,,,1,9,,8581,34,,,1,8,,8579,47,,,1,52,,8583,47,,,1,15,,8569,47,,,1,17,,8582,47,,,1,14,,8584,47,,,1,54,,8573,47,,,1,14,,8576,47,,,1,15,,8578,47,,,1,15,,8585,47,,,1,55,,8580,47,,,1,30,,8588,47,,,1,70,,8587,47,,,1,30,,8592,47,,,1,70,,8586,47,,,1,29,,8594,47,,,1,72,,8589,47,,,1,29,,8591,47,,,1,72,,8593,47,,,1,26,,8595,47,,,1,70,,8590,47,0,14,1
1200000200,'52',732,,8599,47,,,1,70,,8598,47,,,1,31,,8602,47,,,1,70,,8596,47,,,1,30,,8601,47,,,1,70,,8600,47,,,1,30,,8604,47,,,1,70,,8603,47,,,1,30,,8597,47,,,1,71,,8607,47,,,1,30,,8608,47,,,1,70,,8605,47,,,1,30,,8606,47,,,1,71,,8611,47,,,1,30,,8610,47,,,1,69,,8609,47,,,1,30,,8614,47,,,1,70,,8616,47,,,1,30,,8612,47,,,1,70,,8619,47,,,1,30,,8618,47,,,1,70,,8615,47,,,1,29,,8617,47,,,1,68,,8622,47,,,1,30,,8613,47,,,1,71,,8620,47,,,1,29,,8623,47,,,1,69,,8625,47,,,1,30,,8624,47,,,1,70,,8628,47,,,1,30,,8621,47,,,1,70,,8626,47,,,1,30,,8627,47,,,1
1200000200,'53',732,,8629,47,,,1,70,,8630,47,,,1,31,,8631,47,,,1,70,,8632,47,,,1,30,,8634,47,,,1,70,,8638,47,,,1,30,,8636,47,,,1,70,,8640,47,,,1,30,,8637,47,,,1,71,,8635,47,,,1,30,,8639,47,,,1,70,,8641,47,,,1,30,,8633,47,,,1,71,,8642,47,,,1,30,,8644,47,,,1,69,,8647,47,,,1,30,,8649,47,,,1,70,,8651,47,,,1,30,,8643,47,,,1,70,,8645,47,,,1,30,,8648,47,,,1,70,,8650,47,,,1,29,,8652,47,,,1,68,,8654,47,,,1,30,,8653,47,,,1,71,,8646,47,,,1,29,,8655,47,,,1
1200000200,'69',709,,8656,25,,,1,47,,8657,25,,,1
1200000400,'51',704,,9024,49,,,1,16,,9025,49,,,1,16,,9026,49,,,1,16,,9023,49,,,1
