22101,'65',1514,,8371,9,,,2
22201,'65',1514,,8373,9,,,2
23101,'65',1514,,8379,9,,,2
5003700,'51',643,,8501,61,,,2,15,,8502,54,,,2,75,,8504,54,,,2,71,,8505,54,,,2,32,,8503,61,,,2
5004200,'61',703,,8511,21,,,2
1200000101,'51',1549,,8526,47,,,1,72,,8527,47,,,1,31,,8528,47,,,1,71,,8529,47,,,1
1200000200,'51',550,,8533,21,,,1,55,,8531,43,,,1,15,,8535,43,,,1,8,,8539,21,,,1,8,,8537,43,,,1,8,,8542,21,,,1,9,,8538,43,,,1,55,,8540,43,,,1,16,,8544,43,,,1,17,,8530,43,,,1,15,,8545,43,,,1,55,,8534,43,,,1,14,,8541,43,,,1,14,,8532,43,,,1,15,,8543,43,,,1,59,,8536,43,,,1,13,,8549,43,,,1,17,,8548,43,,,1,57,,8551,43,,,1,14,,8547,43,,,1,15,,8546,43,,,1,15,,8552,43,,,1,15,,8554,43,,,1,55,,8555,43,,,1,15,,8556,43,,,1,15,,8550,43,,,1,15,,8557,43,,,1,55,,8558,43,,,1,15,,8559,43,,,1,16,,8560,43,,,1,55,,8561,43,,,1,15,,8553,43,,,1,15,,8562,43,,,1,14,,8564,43,,,1,15,,8565,43,,,1,55,,8566,43,,,1,21,,8563,43,,,1,12,,8568,43,,,1,56,,8571,43,,,1,15,,8572,43,,,1,16,,8574,43,,,1,12,,8567,43,,,1,54,,8575,43,,,1,15,,8570,43,,,1,15,,8577,43,,,1,9,,8581,30,,,1,8,,8579,43,,,1,12,,8583,43,,,1,55,,8569,43,,,1,17,,8582,43,,,1,14,,8584,43,,,1,14,,8573,43,,,1,54,,8576,43,,,1,15,,8578,43,,,1,15,,8585,43,,,1,15,,8580,43,,,1,70,,8588,43,,,1,30,,8587,43,,,1,70,,8592,43,,,1,30,,8586,43,,,1,69,,8594,43,,,1,32,,8589,43,,,1,69,,8591,43,,,1,72,,8593,43,,,1,26,,8595,43,,,1,30,,8590,43,0,14,1
1200000200,'52',728,,8599,43,,,1,30,,8598,43,,,1,71,,8602,43,,,1,30,,8596,43,,,1,70,,8601,43,,,1,30,,8600,43,,,1,70,,8604,43,,,1,30,,8603,43,,,1,70,,8597,43,,,1,71,,8607,43,,,1,30,,8608,43,,,1,70,,8605,43,,,1,30,,8606,43,,,1,71,,8611,43,,,1,30,,8610,43,,,1,69,,8609,43,,,1,30,,8614,43,,,1,70,,8616,43,,,1,30,,8612,43,,,1,70,,8619,43,,,1,30,,8618,43,,,1,70,,8615,43,,,1,29,,8617,43,,,1,28,,8622,43,,,1,70,,8613,43,,,1,31,,8620,43,,,1,69,,8623,43,,,1,29,,8625,43,,,1,70,,8624,43,,,1,30,,8628,43,,,1,70,,8621,43,,,1,30,,8626,43,,,1,70,,8627,43,,,1
1200000200,'53',728,,8629,43,,,1,30,,8630,43,,,1,71,,8631,43,,,1,30,,8632,43,,,1,70,,8634,43,,,1,30,,8638,43,,,1,70,,8636,43,,,1,30,,8640,43,,,1,70,,8637,43,,,1,71,,8635,43,,,1,30,,8639,43,,,1,70,,8641,43,,,1,30,,8633,43,,,1,71,,8642,43,,,1,30,,8644,43,,,1,69,,8647,43,,,1,30,,8649,43,,,1,70,,8651,43,,,1,30,,8643,43,,,1,70,,8645,43,,,1,30,,8648,43,,,1,70,,8650,43,,,1,29,,8652,43,,,1,28,,8654,43,,,1,70,,8653,43,,,1,31,,8646,43,,,1,69,,8655,43,,,1
1200000200,'69',705,,8656,21,,,1,47,,8657,21,,,1
1200000400,'51',700,,9024,45,,,1,16,,9025,45,,,1,16,,9026,45,,,1,16,,9023,45,,,1
