1100,'51',610,,7809,9,,,1,25,,7806,82,,,1,75,,7810,82,,,1,30,,7807,82,,,1,74,,7811,82,,,1,30,,7808,82,,,1,58,,7812,82,,,1,29,,7814,82,,,1,74,,7813,82,,,1,30,,7815,82,,,1,75,,7818,82,,,1,30,,7816,82,,,1,73,,7819,82,,,1,30,,7817,82,,,1,77,,7820,82,,,1,30,,7821,82,,,1,88,,7822,82,,,1,71,,7824,82,,,1,36,,7823,82,,,1,72,,7825,82,,,1,41,,7827,83,,,1,62,,7826,82,,,1,22,,7829,82,,,1,66,,7828,82,,,1,34,,7830,82,,,1,68,,7832,82,,,1,30,,7831,82,,,1,100,,7833,82,,,1,100,,7834,82,,,1,100,,7835,82,,,1,100,,7836,82,,,1
1100,'52',740,,7837,82,,,1,102,,7838,82,,,1,99,,7839,82,,,1,102,,7840,82,,,1,100,,7841,82,,,1,100,,7842,82,,,1,101,,7843,82,,,1,99,,7844,82,,,1,100,,7845,82,,,1,100,,7846,82,,,1,99,,7847,82,,,1,99,,7848,82,,,1,98,,7849,82,,,1,100,,7850,82,,,1,100,,7852,82,,,1,100,,7853,82,,,1,100,,7851,82,,,1
1100,'53',941,,7854,82,,,1,102,,7855,82,,,1,100,,7856,82,,,1,100,,7857,82,,,1,101,,7858,82,,,1,99,,7859,82,,,1,100,,7860,82,,,1,100,,7861,82,,,1,99,,7862,82,,,1,99,,7863,82,,,1
1500,'51',605,,7883,36,0,29,2,33,,7885,36,0,29,2,69,,7887,36,0,29,2,21,,7884,39,0,29,2,80,,7886,39,0,29,2,41,,7888,39,0,10 11,2,151,,7889,36,0,12 13,2,100,,7890,36,0,12 13,2,100,,7891,39,0,12 13,2,101,,7892,35,0,12 13,2
1500,'67',848,,7893,24,0,10 11,2
1600,'51',1357,,7909,20,0,12 13,2,96,,7910,20,0,12 13,2,76,,7911,20,0,29,2,25,,7913,5,0,29,2,75,,7912,23,0,29,2,78,,7916,23,0,29,2,27,,7914,23,0,29,2,99,,7917,23,0,12 13,2,108,,7915,20,0,12 13,2,106,,7918,20,0,12 13,2
13500,'62',835,,8307,12,,,2
15500,'62',836,,8315,19,,,2
15600,'62',833,,8316,22,,,2
1200000101,'51',1528,,8526,25,,,1,72,,8527,25,,,1,30,,8528,25,,,1,72,,8529,25,,,1
2000001500,'52',753,,9066,36,,,2,101,,9067,35,,,2,100,,9068,35,,,2,94,,9069,35,,,2,109,,9070,35,,,2,101,,9071,35,,,2,191,,9072,36,,,2,102,,9073,35,,,2,96,,9074,35,,,2,106,,9075,35,,,2,96,,9076,35,,,2
2000001500,'53',854,,9077,36,,,2,100,,9078,35,,,2,94,,9079,35,,,2,109,,9080,35,,,2,101,,9081,35,,,2,191,,9082,36,,,2,102,,9083,35,,,2,96,,9084,35,,,2,106,,9085,35,,,2,96,,9086,35,,,2
