2300,'51',551,,7994,5,,,2,273,,7997,5,0,14 1 15,2,33,,7976,5,,,2,76,,7979,5,,,2,70,,7977,5,,,2,31,,7980,5,,,2,70,,7978,5,,,2,30,,7981,5,,,2,78,,7983,5,,,2,30,,7982,5,,,2,70,,7984,5,,,2,30,,7986,5,,,2,72,,7985,5,,,2,33,,7987,5,,,2,70,,7996,5,,,2,116,,7998,5,,,2,75,,7995,5,,,2,28,,7988,5,,,2,73,,7990,5,,,2,27,,7989,5,,,2,78,,7991,5,,,2,102,,7992,5,,,2,95,,7993,5,,,2
2300,'52',629,,7999,5,,,2,100,,8000,5,,,2,101,,8001,5,,,2,101,,8002,5,,,2,101,,8003,5,,,2,101,,8004,5,,,2,101,,8005,5,,,2,107,,8006,5,,,2,100,,8007,5,,,2,100,,8008,5,,,2,101,,8009,5,,,2,88,,8010,5,,,2
2300,'53',729,,8011,5,,,2,101,,8012,5,,,2,101,,8013,5,,,2,101,,8014,5,,,2,101,,8015,5,,,2,101,,8016,5,,,2,107,,8017,5,,,2,100,,8018,5,,,2,100,,8019,5,,,2,101,,8020,5,,,2,88,,8021,5,,,2
2301,'51',1208,,8026,53,,,2,305,,8044,53,,,2,42,,8042,53,,,2,663,,8040,53,,,2
2301,'52',1224,,8052,53,,,2,599,,8058,53,,,2
2301,'53',1224,,8063,53,,,2,599,,8069,53,,,2
23100,'64',706,,8378,17,,,2
23101,'65',1546,,8379,64,,,2
23500,'62',759,,8382,17,,,2
23501,'63',1703,,8383,38,,,2
5002300,'51',615,,8479,5,,,2,25,,8481,5,,,2,69,,8482,5,,,2,31,,8480,5,,,2
5002301,'51',1742,,8483,63,,,2,109,,8485,63,,,2
