3101,'51',623,,8078,5,,,2,34,,8080,5,,,2,102,,8081,5,,,2,145,,8082,5,,,2,100,,8083,5,,,2,100,,8084,5,,,2,104,,8086,5,,,2,102,,8085,5,,,2,101,,8087,5,,,2,100,,8088,5,,,2,97,,8089,5,,,2,31,,8093,5,,,2,71,,8090,5,,,2,33,,8091,5,,,2,69,,8094,5,,,2,28,,8092,5,,,2,72,,8095,5,,,2,295,,8096,5,0,8,2
3701,'51',719,,8189,5,0,32 1 33,2,105,,8190,5,,,2,102,,8191,5,,,2,98,,8192,5,,,2,102,,8193,5,,,2,113,,8194,5,,,2,102,,8195,5,,,2,102,,8196,5,,,2,115,,8197,5,,,2,182,,8198,5,,,2,71,,8199,5,,,2,101,,8200,5,,,2,97,,8201,5,,,2,97,,8202,5,,,2,101,,8203,5,,,2,100,,8204,5,,,2,28,,8205,5,,,2
3701,'52',649,,8206,5,,,2,100,,8207,5,,,2,101,,8208,5,,,2,102,,8209,5,,,2,101,,8210,5,,,2,156,,8211,5,,,2,100,,8212,5,,,2,102,,8213,5,,,2,100,,8214,5,,,2,100,,8215,5,,,2,102,,8216,5,,,2,98,,8222,5,,,2,98,,8223,5,,,2,96,,8217,5,,,2,100,,8218,5,,,2,101,,8219,5,,,2,98,,8220,5,,,2,28,,8221,5,,,2
3701,'53',749,,8224,5,,,2,101,,8225,5,,,2,102,,8226,5,,,2,101,,8227,5,,,2,156,,8228,5,,,2,100,,8229,5,,,2,102,,8230,5,,,2,100,,8231,5,,,2,100,,8232,5,,,2,102,,8233,5,,,2,98,,8234,5,,,2,98,,8235,5,,,2
3800,'51',749,,8238,5,,,2,106,,8237,5,,,2,98,,8236,5,,,2,102,,8239,5,,,2,153,,8240,5,,,2,102,,8241,5,,,2,102,,8242,5,,,2,107,,8243,12,,,2,117,,8244,5,,,2,74,,8245,5,,,2,134,,8246,5,,,2,97,,8247,5,,,2,96,,8248,5,,,2,101,,8249,5,,,2,99,,8250,5,,,2
3800,'52',719,,8251,5,,,2,100,,8252,5,,,2,103,,8253,5,,,2,101,,8254,5,,,2,100,,8255,5,,,2,116,,8256,5,,,2,100,,8257,5,,,2,102,,8258,5,,,2,100,,8259,5,,,2,102,,8260,5,,,2,100,,8261,5,,,2,98,,8265,5,,,2,96,,8266,5,,,2,100,,8262,5,,,2,97,,8263,5,,,2,101,,8264,5,,,2
3800,'53',819,,8267,5,,,2,103,,8268,5,,,2,101,,8269,5,,,2,100,,8270,5,,,2,116,,8271,5,,,2,100,,8272,5,,,2,102,,8273,5,,,2,100,,8274,5,,,2,102,,8275,5,,,2,100,,8276,5,,,2,98,,8277,5,,,2,96,,8278,5,,,2
3901,'51',1625,,8282,5,,,2,85,,8283,5,,,2,45,,8284,5,,,2
24101,'65',1514,,8387,12,,,2
24201,'65',1514,,8389,12,,,2
31101,'65',1519,,8393,12,,,2
35101,'65',1519,,8404,12,,,2
38101,'65',1519,,8416,12,,,2
5003700,'51',607,,8501,5,,,2,20,,8502,5,,,2,75,,8504,5,,,2,31,,8505,5,,,2,68,,8503,5,,,2
5003701,'51',1615,,8507,25,,,2,106,,8506,25,,,2,114,,8508,25,,,2
5003801,'51',1658,,8510,25,,,2,89,,8509,25,,,2
2000003101,'52',730,,9119,5,,,2,102,,9120,5,,,2,102,,9121,5,,,2,100,,9122,5,,,2,100,,9123,5,,,2,102,,9124,5,,,2,201,,9125,5,,,2,101,,9126,5,,,2,100,,9127,5,,,2,101,,9128,5,,,2,98,,9129,5,0,8,2
2000003101,'53',832,,9131,5,,,2,102,,9132,5,,,2,100,,9133,5,,,2,100,,9134,5,,,2,102,,9135,5,,,2,201,,9136,5,,,2,101,,9137,5,,,2,100,,9138,5,,,2,101,,9139,5,,,2,98,,9140,5,0,8,2
