3401,'51',636,,8106,22,,,2,67,,8107,22,,,2,53,,8108,22,,,2,800,,8110,22,,,2,96,,8109,26,,,2,80,,8111,22,,,2,25,,8113,22,,,2,88,,8114,22,,,2,66,,8112,22,,,2
3701,'51',751,,8189,52,0,32 1 33,2
22100,'64',738,,8370,39,,,2
22200,'64',736,,8372,35,,,2
23100,'64',745,,8378,72,,,2
23200,'64',736,,8380,39,,,2
24100,'64',734,,8386,21,4,,2
24200,'64',737,,8388,23,4,,2
31100,'64',756,,8392,63,,,2
32500,'62',826,,8398,35,,,2
35100,'64',738,,8403,49,,,2
38100,'64',742,,8415,54,,,2
5003401,'51',1700,,8495,34,,,2
2000003401,'52',749,,9170,22,,,2,85,,9171,22,,,2,85,,9172,22,,,2,85,,9173,22,,,2,47,,9174,22,,,2,85,,9175,22,,,2,87,,9176,22,,,2,81,,9177,22,,,2,134,,9178,22,,,2,86,,9179,22,,,2,84,,9180,22,,,2,48,,9181,22,,,2,84,,9182,22,,,2,83,,9183,22,,,2,82,,9184,22,,,2
2000003401,'53',834,,9185,22,,,2,85,,9186,22,,,2,85,,9187,22,,,2,47,,9188,22,,,2,85,,9189,22,,,2,87,,9190,22,,,2,81,,9191,22,,,2,134,,9192,22,,,2,86,,9193,22,,,2,84,,9194,22,,,2,48,,9195,22,,,2,84,,9196,22,,,2,83,,9197,22,,,2,82,,9198,22,,,2
