2201,'51',1633,,7972,3,,,2
2201,'68',1633,,7975,3,,,2
2301,'51',1633,,8043,3,,,2
2301,'68',1633,,8070,3,,,2
3400,'51',622,,8098,36,,,2,116,,8099,38,,,2,77,,8097,36,,,2,715,,8101,27,,,2,82,,8103,36,,,2,102,,8102,38,,,2,27,,8104,38,,,2,88,,8105,38,,,2
3401,'51',1636,,8109,3,,,2
3501,'51',558,,8115,32,,,2,96,,8116,34,,,2,82,,8117,34,,,2,86,,8118,34,,,2,97,,8119,34,,,2,37,,8120,34,,,2,85,,8121,34,,,2,85,,8122,34,,,2,85,,8123,34,,,2,45,,8124,34,,,2,85,,8125,34,,,2,88,,8126,34,,,2,88,,8127,34,,,2,90,,8128,34,,,2,49,,8129,34,,,2,79,,8130,34,,,2,81,,8131,34,,,2,43,,8132,34,,,2,77,,8133,34,,,2,78,,8134,34,,,2,26,,8135,34,,,2,71,,8136,34,,,2,27,,8137,34,,,2,78,,8138,34,,,2,30,,8139,34,,,2,68,,8140,34,,,2,25,,8141,34,,,2
3501,'52',720,,8142,34,,,2,30,,8143,34,,,2,70,,8144,34,,,2,30,,8145,34,,,2,72,,8146,34,,,2,33,,8147,34,,,2,86,,8148,34,,,2,85,,8149,34,,,2,85,,8150,34,,,2,47,,8151,34,,,2,89,,8152,34,,,2,85,,8153,34,,,2,86,,8154,34,,,2,85,,8155,34,,,2,45,,8156,34,,,2,81,,8157,34,,,2,84,,8158,34,,,2,40,,8159,34,,,2,80,,8160,34,,,2,85,,8161,34,,,2,30,,8162,34,,,2,68,,8163,34,,,2,28,,8164,34,,,2,70,,8165,34,,,2,30,,8166,34,,,2,68,,8167,34,,,2,25,,8168,34,,,2
3501,'53',850,,8169,34,,,2,72,,8170,34,,,2,33,,8171,34,,,2,86,,8172,34,,,2,85,,8173,34,,,2,85,,8174,34,,,2,47,,8175,34,,,2,89,,8176,34,,,2,85,,8177,34,,,2,86,,8178,34,,,2,85,,8179,34,,,2,45,,8180,34,,,2,81,,8181,34,,,2,84,,8182,34,,,2,40,,8184,34,,,2,80,,8185,34,,,2,85,,8183,34,,,2
3600,'51',630,,8186,32,,,2,275,,8187,32,,,2
20001,'51',602,,8328,12,0,14,2,24,,8329,12,0,14,2,820,,8330,12,0,36 37,2,72,,8331,12,0,36 37,2
20001,'52',633,,8332,12,0,36 37,2,19,,8333,12,0,14,2,51,,8334,12,0,36 37,2
1200000201,'68',1634,,8800,5,0,29,1
2000003400,'52',731,,9141,36,,,2,84,,9142,38,,,2,87,,9143,38,,,2,46,,9144,38,,,2,84,,9145,38,,,2,86,,9146,38,,,2,85,,9147,38,,,2,47,,9148,38,,,2,171,,9149,38,,,2,83,,9150,38,,,2,47,,9151,38,,,2,83,,9152,38,,,2,90,,9153,38,,,2,82,,9154,38,,,2,44,,9155,38,,,2
2000003400,'53',813,,9156,36,,,2,89,,9157,38,,,2,46,,9158,38,,,2,84,,9159,38,,,2,86,,9160,38,,,2,85,,9161,38,,,2,47,,9162,38,,,2,171,,9163,38,,,2,83,,9164,38,,,2,47,,9165,38,,,2,83,,9166,38,,,2,90,,9167,38,,,2,82,,9168,38,,,2,44,,9169,38,,,2
