3101,'51',625,,8078,6,,,2,34,,8080,6,,,2,142,,8081,6,,,2,105,,8082,6,,,2,100,,8083,6,,,2,100,,8084,6,,,2,104,,8086,6,,,2,102,,8085,6,,,2,101,,8087,6,,,2,100,,8088,6,,,2,97,,8089,6,,,2,31,,8093,6,,,2,71,,8090,6,,,2,33,,8091,6,,,2,69,,8094,6,,,2,28,,8092,6,,,2,72,,8095,6,,,2,295,,8096,6,0,8,2
3701,'51',721,,8189,6,0,32 1 33,2,105,,8190,6,,,2,102,,8191,6,,,2,98,,8192,6,,,2,102,,8193,6,,,2,113,,8194,6,,,2,102,,8195,6,,,2,102,,8196,6,,,2,155,,8197,6,,,2,142,,8198,6,,,2,71,,8199,6,,,2,101,,8200,6,,,2,97,,8201,6,,,2,97,,8202,6,,,2,101,,8203,6,,,2,100,,8204,6,,,2,28,,8205,6,,,2
3701,'52',651,,8206,6,,,2,100,,8207,6,,,2,101,,8208,6,,,2,102,,8209,6,,,2,101,,8210,6,,,2,156,,8211,6,,,2,100,,8212,6,,,2,102,,8213,6,,,2,100,,8214,6,,,2,100,,8215,6,,,2,102,,8216,6,,,2,98,,8222,6,,,2,98,,8223,6,,,2,96,,8217,6,,,2,100,,8218,6,,,2,101,,8219,6,,,2,98,,8220,6,,,2,28,,8221,6,,,2
3701,'53',751,,8224,6,,,2,101,,8225,6,,,2,102,,8226,6,,,2,101,,8227,6,,,2,156,,8228,6,,,2,100,,8229,6,,,2,102,,8230,6,,,2,100,,8231,6,,,2,100,,8232,6,,,2,102,,8233,6,,,2,98,,8234,6,,,2,98,,8235,6,,,2
3800,'51',751,,8238,6,,,2,106,,8237,6,,,2,98,,8236,6,,,2,102,,8239,6,,,2,153,,8240,6,,,2,102,,8241,6,,,2,102,,8242,6,,,2,107,,8243,13,,,2,117,,8244,6,,,2,74,,8245,6,,,2,134,,8246,6,,,2,97,,8247,6,,,2,96,,8248,6,,,2,101,,8249,6,,,2,99,,8250,6,,,2
3800,'52',721,,8251,6,,,2,100,,8252,6,,,2,103,,8253,6,,,2,101,,8254,6,,,2,100,,8255,6,,,2,116,,8256,6,,,2,100,,8257,6,,,2,102,,8258,6,,,2,100,,8259,6,,,2,102,,8260,6,,,2,100,,8261,6,,,2,98,,8265,6,,,2,96,,8266,6,,,2,100,,8262,6,,,2,97,,8263,6,,,2,101,,8264,6,,,2
3800,'53',821,,8267,6,,,2,103,,8268,6,,,2,101,,8269,6,,,2,100,,8270,6,,,2,116,,8271,6,,,2,100,,8272,6,,,2,102,,8273,6,,,2,100,,8274,6,,,2,102,,8275,6,,,2,100,,8276,6,,,2,98,,8277,6,,,2,96,,8278,6,,,2
3901,'51',1627,,8282,6,,,2,85,,8283,6,,,2,45,,8284,6,,,2
31101,'65',1520,,8393,13,,,2
35101,'65',1520,,8404,13,,,2
35501,'63',1638,,8406,7,0,9 1 43,2
37501,'63',1642,,8408,7,,,2
38001,'51',536,,8412,11,,,2,81,,8413,11,,,2,31,,8414,11,,,2
38101,'65',1520,,8416,13,,,2
38501,'63',1641,,8418,7,,,2
5003700,'51',609,,8501,6,,,2,20,,8502,6,,,2,75,,8504,6,,,2,31,,8505,6,,,2,68,,8503,6,,,2
5003701,'51',1617,,8507,26,,,2,106,,8506,26,,,2,114,,8508,26,,,2
5003801,'51',1700,,8510,26,,,2,49,,8509,26,,,2
2000003101,'52',732,,9119,6,,,2,102,,9120,6,,,2,102,,9121,6,,,2,100,,9122,6,,,2,100,,9123,6,,,2,102,,9124,6,,,2,201,,9125,6,,,2,101,,9126,6,,,2,100,,9127,6,,,2,101,,9128,6,,,2,98,,9129,6,0,8,2
2000003101,'53',834,,9131,6,,,2,102,,9132,6,,,2,100,,9133,6,,,2,100,,9134,6,,,2,102,,9135,6,,,2,201,,9136,6,,,2,101,,9137,6,,,2,100,,9138,6,,,2,101,,9139,6,,,2,98,,9140,6,0,8,2
