11100,'66',752,,8291,74,,,2
13100,'64',747,,8305,64,,,2
32501,'63',1624,,8399,26,,,2
5004200,'61',659,,8511,16,,,2
1200000101,'51',1545,,8526,42,,,1,72,,8527,42,,,1,31,,8528,42,,,1,71,,8529,42,,,1
1200000200,'51',547,,8533,16,,,1,55,,8531,38,,,1,15,,8535,38,,,1,8,,8539,16,,,1,7,,8537,38,,,1,8,,8542,16,,,1,9,,8538,38,,,1,55,,8540,38,,,1,16,,8544,38,,,1,17,,8530,38,,,1,15,,8545,38,,,1,55,,8534,38,,,1,14,,8541,38,,,1,14,,8532,38,,,1,15,,8543,38,,,1,59,,8536,38,,,1,14,,8549,38,,,1,17,,8548,38,,,1,17,,8551,38,,,1,54,,8547,38,,,1,15,,8546,38,,,1,15,,8552,38,,,1,15,,8554,38,,,1,55,,8555,38,,,1,15,,8556,38,,,1,15,,8550,38,,,1,15,,8557,38,,,1,55,,8558,38,,,1,15,,8559,38,,,1,16,,8560,38,,,1,15,,8561,38,,,1,55,,8553,38,,,1,15,,8562,38,,,1,14,,8564,38,,,1,15,,8565,38,,,1,55,,8566,38,,,1,21,,8563,38,,,1,12,,8568,38,,,1,56,,8571,38,,,1,15,,8572,38,,,1,15,,8574,38,,,1,12,,8567,38,,,1,14,,8575,38,,,1,55,,8570,38,,,1,15,,8577,38,,,1,9,,8581,25,,,1,8,,8579,38,,,1,12,,8583,38,,,1,55,,8569,38,,,1,17,,8582,38,,,1,14,,8584,38,,,1,15,,8573,38,,,1,54,,8576,38,,,1,15,,8578,38,,,1,15,,8585,38,,,1,15,,8580,38,,,1,70,,8588,38,,,1,30,,8587,38,,,1,70,,8592,38,,,1,30,,8586,38,,,1,69,,8594,38,,,1,32,,8589,38,,,1,70,,8591,38,,,1,32,,8593,38,,,1,66,,8595,38,,,1,30,,8590,38,0,14,1
1200000200,'52',725,,8599,38,,,1,30,,8598,38,,,1,71,,8602,38,,,1,30,,8596,38,,,1,70,,8601,38,,,1,30,,8600,38,,,1,70,,8604,38,,,1,30,,8603,38,,,1,70,,8597,38,,,1,31,,8607,38,,,1,70,,8608,38,,,1,30,,8605,38,,,1,70,,8606,38,,,1,30,,8611,38,,,1,70,,8610,38,,,1,30,,8609,38,,,1,70,,8614,38,,,1,30,,8616,38,,,1,70,,8612,38,,,1,30,,8619,38,,,1,70,,8618,38,,,1,30,,8615,38,,,1,69,,8617,38,,,1,28,,8622,38,,,1,70,,8613,38,,,1,31,,8620,38,,,1,69,,8623,38,,,1,29,,8625,38,,,1,70,,8624,38,,,1,30,,8628,38,,,1,70,,8621,38,,,1,30,,8626,38,,,1,70,,8627,38,,,1
1200000200,'53',725,,8629,38,,,1,30,,8630,38,,,1,71,,8631,38,,,1,30,,8632,38,,,1,70,,8634,38,,,1,30,,8638,38,,,1,70,,8636,38,,,1,30,,8640,38,,,1,70,,8637,38,,,1,31,,8635,38,,,1,70,,8639,38,,,1,30,,8641,38,,,1,70,,8633,38,,,1,30,,8642,38,,,1,70,,8644,38,,,1,30,,8647,38,,,1,70,,8649,38,,,1,30,,8651,38,,,1,70,,8643,38,,,1,30,,8645,38,,,1,70,,8648,38,,,1,30,,8650,38,,,1,69,,8652,38,,,1,28,,8654,38,,,1,70,,8653,38,,,1,31,,8646,38,,,1,69,,8655,38,,,1
1200000200,'69',701,,8656,16,,,1,47,,8657,16,,,1
1200000400,'51',656,,9024,40,,,1,56,,9025,40,,,1,16,,9026,40,,,1,16,,9023,40,,,1
2000000201,'51',707,,9057,32,4,,2,30,,9058,32,4,,2,70,,9059,32,4,,2,28,,9060,32,4,,2,772,,9061,32,4,,2,30,,9062,32,4,,2,70,,9063,32,4,,2,30,,9064,32,4,,2,68,,9065,32,4,,2
