1301,'51',650,,7876,18,,,2,85,,7877,18,,,2,73,,7875,18,,,2,809,,7880,18,,,2,15,,7878,18,,,2,78,,7881,18,,,2,30,,7879,18,,,2
1301,'68',1633,,7882,4,,,2
1500,'51',610,,7883,41,0,29,2,33,,7885,41,0,29,2,69,,7887,41,0,29,2,21,,7884,44,0,29,2,80,,7886,44,0,29,2
1600,'51',1534,,7911,25,0,29,2,67,,7913,10,0,29,2,34,,7912,28,0,29,2,77,,7916,28,0,29,2,27,,7914,28,0,29,2
20000,'51',923,,8323,23,,,2,28,,8321,23,,,2,66,,8320,23,,,2,29,,8322,23,,,2,1094,,8324,11,,,2,218,,8325,11,,,2
20000,'52',1912,,8326,11,,,2,445,,8327,11,,,2
21000,'51',1155,,8336,29,,,2,80,,8337,29,,,2,85,,8335,29,,,2,417,,8340,29,,,2,69,,8339,29,,,2,27,,8338,29,,,2,81,,8342,29,,,2,131,,8341,29,,,2
21000,'52',1254,,8343,29,,,2,173,,8344,29,,,2,231,,8345,29,,,2,71,,8346,29,,,2,322,,8347,29,,,2
21000,'53',1120,,8348,29,,,2,103,,8350,29,,,2,133,,8349,29,,,2,102,,8351,29,,,2,70,,8352,29,,,2
35000,'51',914,,8402,10,,,2
38000,'51',1709,,8409,24,,,2,43,,8410,24,,,2,84,,8411,24,,,2
1200000100,'51',657,,8518,79,0,34 35 6 31,1,72,,8519,79,0,34 35 6 31,1,23,,8520,79,0,34 35 6 31,1,68,,8523,79,0,16 1 17,1,29,,8521,79,0,34 35 6 31,1
1200000201,'51',632,,8658,28,0,29,1,75,,8663,40,0,29,1,9,,8674,28,0,29,1,7,,8661,40,0,29,1,9,,8677,28,0,29,1,12,,8665,40,0,29,1,10,,8671,40,0,29,1,49,,8668,40,0,29,1,9,,8660,40,0,29,1,9,,8670,40,0,29,1,19,,8673,40,0,29,1,17,,8679,40,0,29,1,55,,8659,40,0,29,1,14,,8681,40,0,29,1,14,,8664,40,0,29,1,12,,8675,40,0,29,1,52,,8662,40,0,29,1,12,,8678,40,0,29,1,15,,8666,40,0,29,1,12,,8685,40,0,29,1,57,,8684,40,0,29,1,18,,8687,40,0,29,1,14,,8683,40,0,29,1,15,,8682,40,0,29,1,55,,8688,40,0,29,1,15,,8690,40,0,29,1,15,,8691,40,0,29,1,18,,8692,40,0,29,1,55,,8686,40,0,29,1,15,,8693,40,0,29,1,14,,8694,40,0,29,1,15,,8695,40,0,29,1,56,,8696,40,0,29,1,15,,8697,40,0,29,1,15,,8689,40,0,29,1,16,,8698,40,0,29,1,54,,8700,40,0,29,1,16,,8701,40,0,29,1,19,,8702,40,0,29,1,13,,8706,40,0,29,1,54,,8699,40,0,29,1,20,,8704,40,0,29,1,17,,8709,40,0,29,1,15,,8710,40,0,29,1,58,,8712,40,0,29,1,11,,8703,40,0,29,1,11,,8714,40,0,29,1,11,,8708,40,0,29,1,54,,8716,40,0,29,1,14,,8718,40,0,29,1,9,,8720,40,0,29,1,13,,8707,40,0,29,1,12,,8713,40,0,29,1,7,,8705,40,0,29,1,47,,8721,40,0,29,1,12,,8711,40,0,29,1,13,,8715,40,0,29,1,12,,8717,40,0,29,1,14,,8722,40,0,29,1,54,,8719,40,0,29,1,20,,8723,40,0,29,1,69,,8724,40,0,29,1,32,,8726,40,0,29,1,75,,8728,40,0,29,1,27,,8730,40,0,29,1,71,,8725,40,0,29,1,27,,8727,40,0,29,1,71,,8729,40,0,29,1,46,,8731,40,0,29,1
1200000201,'52',702,,8735,28,0,29,1,36,,8732,40,0,29,1,70,,8740,40,0,29,1,30,,8738,40,0,29,1,72,,8736,40,0,29,1,31,,8742,40,0,29,1,71,,8733,40,0,29,1,31,,8741,40,0,29,1,71,,8739,40,0,29,1,30,,8744,40,0,29,1,70,,8743,40,0,29,1,30,,8734,40,0,29,1,72,,8747,40,0,29,1,31,,8748,40,0,29,1,70,,8745,40,0,29,1,30,,8746,40,0,29,1,72,,8751,40,0,29,1,30,,8750,40,0,29,1,69,,8749,40,0,29,1,31,,8754,40,0,29,1,72,,8756,40,0,29,1,30,,8752,40,0,29,1,65,,8759,40,0,29,1,30,,8758,40,0,29,1,66,,8755,40,0,29,1,27,,8757,40,0,29,1,68,,8762,40,0,29,1,29,,8753,40,0,29,1,71,,8760,40,0,29,1,27,,8763,40,0,29,1,68,,8765,40,0,29,1,30,,8764,40,0,29,1,70,,8768,40,0,29,1,30,,8761,40,0,29,1,69,,8766,40,0,29,1,48,,8767,40,0,29,1
1200000201,'53',838,,8770,40,0,29,1,72,,8772,40,0,29,1,31,,8774,40,0,29,1,71,,8776,40,0,29,1,31,,8778,40,0,29,1,71,,8782,40,0,29,1,30,,8780,40,0,29,1,70,,8784,40,0,29,1,30,,8781,40,0,29,1,72,,8779,40,0,29,1,31,,8783,40,0,29,1,70,,8785,40,0,29,1,30,,8777,40,0,29,1,72,,8786,40,0,29,1,30,,8788,40,0,29,1,69,,8791,40,0,29,1,31,,8793,40,0,29,1,72,,8795,40,0,29,1,30,,8787,40,0,29,1,65,,8789,40,0,29,1,30,,8792,40,0,29,1,66,,8794,40,0,29,1,27,,8796,40,0,29,1,68,,8798,40,0,29,1,29,,8797,40,0,29,1,71,,8790,40,0,29,1,27,,8799,40,0,29,1
1200000201,'68',1708,,8800,34,0,29,1
1200000201,'69',1635,,8803,40,0,29,1,17,,8804,40,0,29,1
1200000401,'51',1722,,9031,40,,,1,25,,9034,40,,,1,62,,9035,40,,,1
