2201,'51',628,,7949,4,,,2,28,,7965,4,0,23,2,70,,7950,4,0,23,2,25,,7967,4,,,2,68,,7969,4,,,2,26,,7966,4,,,2,66,,7968,4,,,2,42,,7951,4,,,2,77,,7955,4,,,2,72,,7952,4,,,2,30,,7956,4,,,2,70,,7953,4,,,2,31,,7957,4,,,2,70,,7954,4,,,2,30,,7958,4,,,2,70,,7970,4,,,2,30,,7959,4,,,2,74,,7960,4,,,2,25,,7962,4,,,2,15,,7971,4,,,2,91,,7972,8,,,2,71,,7973,4,,,2,35,,7961,4,,,2,72,,7963,4,,,2,26,,7974,4,,,2,64,,7964,4,,,2
2201,'68',1638,,7975,8,,,2
2301,'51',622,,8041,4,,,2,30,,8045,4,,,2,150,,8046,4,,,2,38,,8023,4,,,2,72,,8027,4,,,2,29,,8024,4,,,2,75,,8028,4,,,2,31,,8025,4,,,2,70,,8029,4,,,2,30,,8026,4,,,2,70,,8030,4,,,2,31,,8031,4,,,2,70,,8033,4,,,2,30,,8032,4,,,2,70,,8034,4,,,2,34,,8044,4,,,2,82,,8042,4,,,2,105,,8043,8,,,2,105,,8036,4,,,2,69,,8035,4,,,2,38,,8037,4,,,2,102,,8038,4,,,2,90,,8039,4,,,2,114,,8040,4,,,2
2301,'52',658,,8047,4,,,2,100,,8048,4,,,2,101,,8049,4,,,2,141,,8050,4,,,2,101,,8051,4,,,2,101,,8052,4,,,2,101,,8053,4,,,2,100,,8054,4,,,2,100,,8055,4,,,2,100,,8056,4,,,2,101,,8057,4,,,2,97,,8058,4,,,2
2301,'53',758,,8059,4,,,2,101,,8060,4,,,2,141,,8061,4,,,2,101,,8062,4,,,2,101,,8063,4,,,2,101,,8064,4,,,2,100,,8065,4,,,2,100,,8066,4,,,2,100,,8067,4,,,2,101,,8068,4,,,2,97,,8069,4,,,2
2301,'68',1639,,8070,8,,,2
22101,'65',1524,,8371,17,,,2
22201,'65',1524,,8373,16,,,2
22500,'62',758,20,8374,1,,,2
23101,'65',1523,,8379,17,,,2
23201,'65',1527,,8381,25,,,2
32501,'63',1640,,8399,50,,,2
5002301,'51',1606,,8486,14,,,2,46,,8484,14,,,2,66,,8483,14,,,2,110,,8485,14,,,2
5002401,'51',1607,,8492,14,,,2,46,,8490,14,,,2,65,,8491,14,,,2
5004301,'61',1647,,8514,9,0,14 1 18 19 20,2,95,,8516,9,0,14 1 18 19 20,2,89,,8515,9,0,14 1 18 19 20,2
1200000101,'51',1559,,8526,55,,,1,72,,8527,55,,,1,71,,8528,55,,,1,31,,8529,55,,,1
1200000301,'51',609,,8915,4,,,1,28,,8920,4,,,1,75,,8913,17,,,1,20,,8917,17,,,1,75,,8912,17,,,1,29,,8927,17,,,1,65,,8928,17,,,1,25,,8914,17,,,1,29,,8918,17,,,1,67,,8922,17,,,1,36,,8929,17,,,1,60,,8931,17,,,1,20,,8930,17,,,1,20,,8933,17,,,1,63,,8923,17,,,1,20,,8935,17,,,1,62,,8937,17,,,1,19,,8932,17,,,1,20,,8938,17,,,1,60,,8934,17,,,1,18,,8940,17,,,1,20,,8936,17,,,1,19,,8941,17,,,1,64,,8942,17,,,1,16,,8939,14,,,1,16,,8944,14,,,1,62,,8943,14,,,1,18,,8952,14,,,1,19,,8949,14,,,1,51,,8951,14,,,1,14,,8946,14,,,1,14,,8945,14,,,1,16,,8955,14,,,1,54,,8953,14,,,1,12,,8958,14,,,1,8,,8948,14,,,1,7,,8950,14,,,1,13,,8947,14,,,1,16,,8954,14,,,1,65,,8957,17,,,1,24,,8956,17,,,1,71,,8966,17,,,1,30,,8965,17,,,1,70,,8967,17,,,1,33,,8961,17,,,1,72,,8959,4,,,1,30,,8962,4,,,1,68,,8960,4,,,1,30,,8963,4,,,1,79,,8964,4,,,1
1200000301,'52',748,,8968,17,,,1,70,,8972,17,,,1,31,,8974,17,,,1,71,,8976,17,,,1,31,,8969,17,,,1,72,,8973,17,,,1,31,,8975,17,,,1,71,,8977,17,,,1,31,,8970,17,,,1,71,,8981,17,,,1,31,,8971,17,,,1,71,,8978,17,,,1,71,,8979,17,,,1,30,,8982,17,,,1,70,,8984,17,,,1,30,,8986,17,,,1,70,,8980,17,,,1,31,,8983,17,,,1,71,,8985,17,,,1,27,,8987,17,,,1,28,,8988,17,,,1,69,,8989,17,,,1,27,,8990,17,,,1,67,,8992,17,,,1,35,,8991,4,,,1,100,,8993,4,,,1,96,,8994,4,,,1,99,,8995,4,,,1,78,,8996,4,,,1,102,,8997,4,,,1
1200000301,'53',818,,8998,17,,,1,31,,9000,17,,,1,71,,9003,17,,,1,31,,9005,17,,,1,72,,8999,17,,,1,31,,9001,17,,,1,71,,9004,17,,,1,31,,9006,17,,,1,71,,9008,17,,,1,31,,9002,17,,,1,71,,9010,17,,,1,71,,9007,17,,,1,30,,9009,17,,,1,70,,9012,17,,,1,30,,9011,17,,,1,70,,9015,17,,,1,31,,9017,17,,,1,71,,9013,17,,,1,27,,9019,17,,,1,28,,9016,17,,,1,69,,9018,17,,,1,27,,9014,17,,,1,67,,9020,17,,,1,35,,9021,4,,,1,161,,9022,4,,,1
