3101,'51',628,,8078,12,,,2,74,,8080,12,,,2,102,,8081,12,,,2,105,,8082,12,,,2,100,,8083,12,,,2,100,,8084,12,,,2,104,,8086,12,,,2,102,,8085,12,,,2,101,,8087,12,,,2,101,,8088,12,,,2,97,,8089,12,,,2,31,,8093,12,,,2,70,,8090,12,,,2,33,,8091,12,,,2,69,,8094,12,,,2,28,,8092,12,,,2,72,,8095,12,,,2,295,,8096,12,0,8,2
3701,'51',539,,8188,5,,,2,185,,8189,12,0,32 1 33,2,105,,8190,12,,,2,102,,8191,12,,,2,98,,8192,12,,,2,102,,8193,12,,,2,113,,8194,12,,,2,102,,8195,12,,,2,102,,8196,12,,,2,156,,8197,12,,,2,141,,8198,12,,,2,71,,8199,12,,,2,101,,8200,12,,,2,97,,8201,12,,,2,97,,8202,12,,,2,101,,8203,12,,,2,100,,8204,12,,,2,28,,8205,12,,,2
3701,'52',654,,8206,12,,,2,100,,8207,12,,,2,101,,8208,12,,,2,102,,8209,12,,,2,101,,8210,12,,,2,156,,8211,12,,,2,100,,8212,12,,,2,102,,8213,12,,,2,100,,8214,12,,,2,100,,8215,12,,,2,102,,8216,12,,,2,98,,8222,12,,,2,98,,8223,12,,,2,96,,8217,12,,,2,100,,8218,12,,,2,101,,8219,12,,,2,98,,8220,12,,,2,28,,8221,12,,,2
3701,'53',754,,8224,12,,,2,101,,8225,12,,,2,102,,8226,12,,,2,101,,8227,12,,,2,156,,8228,12,,,2,100,,8229,12,,,2,102,,8230,12,,,2,100,,8231,12,,,2,100,,8232,12,,,2,102,,8233,12,,,2,98,,8234,12,,,2,98,,8235,12,,,2
3901,'51',1638,,8282,20,,,2,84,,8283,20,,,2,85,,8284,20,,,2
38001,'51',620,,8413,17,,,2,31,,8414,17,,,2
38101,'65',1533,,8416,29,,,2
5003700,'51',612,,8501,12,,,2,20,,8502,12,,,2,75,,8504,12,,,2,31,,8505,12,,,2,68,,8503,12,,,2
2000003101,'52',735,,9119,12,,,2,102,,9120,12,,,2,102,,9121,12,,,2,100,,9122,12,,,2,100,,9123,12,,,2,102,,9124,12,,,2,201,,9125,12,,,2,101,,9126,12,,,2,100,,9127,12,,,2,101,,9128,12,,,2,98,,9129,12,0,8,2
2000003101,'53',837,,9131,12,,,2,102,,9132,12,,,2,100,,9133,12,,,2,100,,9134,12,,,2,102,,9135,12,,,2,201,,9136,12,,,2,101,,9137,12,,,2,100,,9138,12,,,2,101,,9139,12,,,2,98,,9140,12,0,8,2
