22101,'65',1518,,8371,14,,,2
22201,'65',1519,,8373,14,,,2
23101,'65',1518,,8379,14,,,2
5003700,'51',647,,8501,66,4,,2,56,,8502,59,,,2,35,,8504,59,,,2,71,,8505,59,,,2,32,,8503,66,,,2
5004200,'61',708,,8511,26,,,2
1200000101,'51',1554,,8526,52,,,1,72,,8527,52,,,1,31,,8528,52,,,1,71,,8529,52,,,1
1200000200,'51',554,,8533,26,,,1,55,,8531,48,,,1,15,,8535,48,,,1,8,,8539,26,,,1,8,,8537,48,,,1,8,,8542,26,,,1,9,,8538,48,,,1,56,,8540,48,,,1,16,,8544,48,,,1,17,,8530,48,,,1,55,,8545,48,,,1,15,,8534,48,,,1,14,,8541,48,,,1,14,,8532,48,,,1,15,,8543,48,,,1,58,,8536,48,,,1,13,,8549,48,,,1,17,,8548,48,,,1,57,,8551,48,,,1,14,,8547,48,,,1,15,,8546,48,,,1,15,,8552,48,,,1,55,,8554,48,,,1,15,,8555,48,,,1,15,,8556,48,,,1,15,,8550,48,,,1,55,,8557,48,,,1,15,,8558,48,,,1,15,,8559,48,,,1,16,,8560,48,,,1,55,,8561,48,,,1,15,,8553,48,,,1,15,,8562,48,,,1,14,,8564,48,,,1,55,,8565,48,,,1,15,,8566,48,,,1,22,,8563,48,,,1,12,,8568,48,,,1,56,,8571,48,,,1,15,,8572,48,,,1,16,,8574,48,,,1,12,,8567,48,,,1,54,,8575,48,,,1,15,,8570,48,,,1,15,,8577,48,,,1,9,,8581,35,,,1,8,,8579,48,,,1,52,,8583,48,,,1,15,,8569,48,,,1,16,,8582,48,,,1,14,,8584,48,,,1,54,,8573,48,,,1,14,,8576,48,,,1,15,,8578,48,,,1,15,,8585,48,,,1,55,,8580,48,,,1,30,,8588,48,,,1,70,,8587,48,,,1,30,,8592,48,,,1,70,,8586,48,,,1,29,,8594,48,,,1,72,,8589,48,,,1,30,,8591,48,,,1,72,,8593,48,,,1,26,,8595,48,,,1,70,,8590,48,0,14,1
1200000200,'52',732,,8599,48,,,1,70,,8598,48,,,1,31,,8602,48,,,1,70,,8596,48,,,1,30,,8601,48,,,1,70,,8600,48,,,1,30,,8604,48,,,1,70,,8603,48,,,1,30,,8597,48,,,1,72,,8607,48,,,1,30,,8608,48,,,1,70,,8605,48,,,1,30,,8606,48,,,1,71,,8611,48,,,1,30,,8610,48,,,1,69,,8609,48,,,1,30,,8614,48,,,1,70,,8616,48,,,1,30,,8612,48,,,1,70,,8619,48,,,1,30,,8618,48,,,1,70,,8615,48,,,1,28,,8617,48,,,1,68,,8622,48,,,1,30,,8613,48,,,1,71,,8620,48,,,1,29,,8623,48,,,1,69,,8625,48,,,1,30,,8624,48,,,1,70,,8628,48,,,1,30,,8621,48,,,1,70,,8626,48,,,1,30,,8627,48,,,1
1200000200,'53',732,,8629,48,,,1,70,,8630,48,,,1,31,,8631,48,,,1,70,,8632,48,,,1,30,,8634,48,,,1,70,,8638,48,,,1,30,,8636,48,,,1,70,,8640,48,,,1,30,,8637,48,,,1,72,,8635,48,,,1,30,,8639,48,,,1,70,,8641,48,,,1,30,,8633,48,,,1,71,,8642,48,,,1,30,,8644,48,,,1,69,,8647,48,,,1,30,,8649,48,,,1,70,,8651,48,,,1,30,,8643,48,,,1,70,,8645,48,,,1,30,,8648,48,,,1,70,,8650,48,,,1,28,,8652,48,,,1,68,,8654,48,,,1,30,,8653,48,,,1,71,,8646,48,,,1,29,,8655,48,,,1
1200000200,'69',710,,8656,26,,,1,47,,8657,26,,,1
1200000400,'51',705,,9024,50,,,1,16,,9025,50,,,1,16,,9026,50,,,1,16,,9023,50,,,1
