1501,'51',1218,,7894,13,,,2,101,,7895,13,,,2,96,,7896,13,,,2,34,,7897,13,,,2,94,,7899,30,0,34 35 6 41,2,86,,7898,30,0,34 35 6 41,2,16,,7901,30,0,34 35 6 41,2,71,,7904,30,,,2,35,,7903,30,0,34 35 6 41,2,76,,7900,13,,,2,76,,7902,13,,,2,105,,7905,13,,,2,105,,7906,13,,,2,42,,7907,13,,,2
1501,'68',1647,,7908,15,,,2
1601,'51',639,,7919,30,0,34 35 6 41,2,79,,7920,30,0,34 35 6 41,2,34,,7921,30,0,34 35 6 41,2,170,,7922,30,,,2,96,,7923,13,,,2,100,,7924,13,0,34 35 6 41,2
15601,'63',1619,,8317,14,,,2
20001,'51',551,,8328,10,0,14,2,60,,8329,10,0,14,2,816,,8330,10,0,36 37,2,30,,8331,10,0,36 37,2
20001,'52',622,,8332,10,0,36 37,2,19,,8333,10,0,14,2,9,,8334,10,0,36 37,2
21001,'51',531,,8353,10,,,2,27,,8354,10,,,2,55,,8355,10,,,2,13,,8356,10,,,2,604,,8357,10,,,2,79,,8358,10,,,2,104,,8359,10,,,2,27,,8360,10,,,2,567,,8361,10,,,2
21001,'52',608,,8362,10,,,2,131,,8363,10,,,2,302,,8364,10,,,2,670,,8365,10,,,2,30,,8366,10,,,2
21001,'53',638,,8367,10,,,2,70,,8368,10,,,2,31,,8369,10,,,2
38001,'51',526,,8412,10,,,2,80,,8413,10,,,2,28,,8414,10,,,2
2000001501,'52',805,,9087,13,,,2,101,,9088,13,,,2,100,,9089,13,,,2,102,,9090,13,,,2,101,,9091,13,,,2,102,,9092,13,,,2,191,,9093,13,,,2,102,,9094,13,,,2,104,,9095,13,,,2,97,,9096,13,,,2,96,,9097,13,,,2
2000001501,'53',906,,9098,13,,,2,100,,9099,13,,,2,102,,9100,13,,,2,101,,9101,13,,,2,102,,9102,13,,,2,191,,9103,13,,,2,102,,9104,13,,,2,104,,9105,13,,,2,97,,9106,13,,,2,96,,9107,13,,,2
