20000,'51',842,,8323,6,,,2,70,,8321,6,,,2,27,,8320,6,,,2,69,,8322,6,,,2
5002300,'51',705,,8479,65,4,,2,34,,8481,65,4,,2,69,,8482,65,4,,2,30,,8480,65,4,,2
5002301,'51',1532,,8486,6,,,2,81,,8484,6,,,2,29,,8483,6,,,2,163,,8485,6,,,2
5002400,'51',739,,8489,41,4,,2,67,,8487,41,4,,2,30,,8488,41,4,,2
5002401,'51',1533,,8492,6,,,2,81,,8490,6,,,2,29,,8491,6,,,2
5003400,'51',711,,8494,43,4,,2,24,,8493,43,4,,2
5003401,'51',1610,,8495,6,,,2
5003601,'51',1530,,8498,6,,,2,79,,8499,6,,,2,25,,8500,6,,,2
5003700,'51',734,,8502,71,4,,2,77,,8504,71,4,,2,30,,8505,71,4,,2,67,,8503,78,4,,2
5003701,'51',1531,,8507,6,,,2,104,,8506,6,,,2,167,,8508,6,,,2
5003801,'51',1610,,8510,6,,,2,96,,8509,6,,,2
1200000201,'51',622,,8663,6,0,29,1,15,,8661,6,0,29,1,19,,8665,6,0,29,1,50,,8671,6,0,29,1,9,,8668,6,0,29,1,3,,8676,6,4,,1,6,,8660,6,0,29,1,10,,8670,6,0,29,1,18,,8673,6,0,29,1,58,,8679,6,0,29,1,15,,8659,6,0,29,1,14,,8681,6,0,29,1,15,,8664,6,0,29,1,52,,8675,6,0,29,1,12,,8662,6,0,29,1,13,,8678,6,0,29,1,15,,8666,6,0,29,1,12,,8685,6,0,29,1,57,,8684,6,0,29,1,18,,8687,6,0,29,1,14,,8683,6,0,29,1,55,,8682,6,0,29,1,15,,8688,6,0,29,1,15,,8690,6,0,29,1,15,,8691,6,0,29,1,55,,8692,6,0,29,1,15,,8686,6,0,29,1,15,,8693,6,0,29,1,15,,8694,6,0,29,1,55,,8695,6,0,29,1,16,,8696,6,0,29,1,15,,8697,6,0,29,1,15,,8689,6,0,29,1,55,,8698,6,0,29,1,14,,8700,6,0,29,1,15,,8701,6,0,29,1,15,,8702,6,0,29,1,11,,8706,6,0,29,1,51,,8699,6,0,29,1,16,,8704,6,0,29,1,15,,8709,6,0,29,1,14,,8710,6,0,29,1,57,,8712,6,0,29,1,11,,8703,6,0,29,1,14,,8714,6,0,29,1,15,,8708,6,0,29,1,56,,8716,6,0,29,1,17,,8718,6,0,29,1,11,,8720,6,0,29,1,15,,8707,6,0,29,1,53,,8713,6,0,29,1,8,,8705,6,0,29,1,8,,8721,6,0,29,1,13,,8711,6,0,29,1,14,,8715,6,0,29,1,54,,8717,6,0,29,1,14,,8722,6,0,29,1,14,,8719,6,0,29,1,20,,8723,6,0,29,1,70,,8724,6,0,29,1,32,,8726,6,0,29,1,76,,8728,6,0,29,1,30,,8730,6,0,29,1,71,,8725,6,0,29,1,28,,8727,6,0,29,1,71,,8729,6,0,29,1,86,,8731,6,0,29,1
1200000201,'52',700,,8732,6,0,29,1,30,,8740,6,0,29,1,29,,8738,6,0,29,1,71,,8736,6,0,29,1,71,,8742,6,0,29,1,30,,8733,6,0,29,1,70,,8741,6,0,29,1,30,,8739,6,0,29,1,70,,8744,6,0,29,1,30,,8743,6,0,29,1,70,,8734,6,0,29,1,32,,8747,6,0,29,1,70,,8748,6,0,29,1,30,,8745,6,0,29,1,70,,8746,6,0,29,1,31,,8751,6,0,29,1,70,,8750,6,0,29,1,29,,8749,6,0,29,1,70,,8754,6,0,29,1,32,,8756,6,0,29,1,70,,8752,6,0,29,1,30,,8759,6,0,29,1,70,,8758,6,0,29,1,28,,8755,6,0,29,1,67,,8757,6,0,29,1,28,,8762,6,0,29,1,29,,8753,6,0,29,1,71,,8760,6,0,29,1,27,,8763,6,0,29,1,68,,8765,6,0,29,1,31,,8764,6,0,29,1,70,,8768,6,0,29,1,30,,8761,6,0,29,1,69,,8766,6,0,29,1,88,,8767,6,0,29,1
1200000201,'53',759,,8770,6,0,29,1,71,,8772,6,0,29,1,71,,8774,6,0,29,1,30,,8776,6,0,29,1,70,,8778,6,0,29,1,30,,8782,6,0,29,1,70,,8780,6,0,29,1,30,,8784,6,0,29,1,70,,8781,6,0,29,1,32,,8779,6,0,29,1,70,,8783,6,0,29,1,30,,8785,6,0,29,1,70,,8777,6,0,29,1,31,,8786,6,0,29,1,70,,8788,6,0,29,1,29,,8791,6,0,29,1,70,,8793,6,0,29,1,32,,8795,6,0,29,1,70,,8787,6,0,29,1,30,,8789,6,0,29,1,70,,8792,6,0,29,1,28,,8794,6,0,29,1,67,,8796,6,0,29,1,28,,8798,6,0,29,1,29,,8797,6,0,29,1,71,,8790,6,0,29,1,27,,8799,6,0,29,1
1200000201,'69',743,,8801,6,4,,1,87,,8802,6,4,,1,702,,8803,6,0,29,1,15,,8804,6,0,29,1
1200000301,'51',650,,8913,6,,,1,59,,8917,6,,,1,13,,8919,6,4,,1,13,,8924,6,4,,1,7,,8912,6,,,1,3,,8916,6,4,,1,10,,8925,6,4,,1,50,,8926,6,4,,1,5,,8927,6,,,1,4,,8921,6,4,,1,22,,8928,6,,,1,66,,8914,6,,,1,30,,8918,6,,,1,27,,8922,6,,,1,76,,8929,6,,,1,20,,8931,6,,,1,60,,8930,6,,,1,20,,8933,6,,,1,20,,8923,6,,,1,60,,8935,6,,,1,22,,8937,6,,,1,20,,8932,6,,,1,60,,8938,6,,,1,20,,8934,6,,,1,18,,8940,6,,,1,60,,8936,6,,,1,19,,8941,6,,,1,20,,8942,6,,,1,57,,8939,6,,,1,13,,8944,6,,,1,17,,8943,6,,,1,15,,8952,6,,,1,59,,8949,6,,,1,13,,8951,6,,,1,16,,8946,6,,,1,57,,8945,6,,,1,18,,8955,6,,,1,17,,8953,6,,,1,15,,8958,6,,,1,8,,8948,6,,,1,48,,8950,6,,,1,15,,8947,6,,,1,18,,8954,6,,,1,63,,8957,6,,,1,24,,8956,6,,,1,31,,8966,6,,,1,70,,8965,6,,,1,30,,8967,6,,,1,74,,8961,6,,,1
1200000301,'52',729,,8968,6,,,1,30,,8972,6,,,1,71,,8974,6,,,1,71,,8976,6,,,1,30,,8969,6,,,1,71,,8973,6,,,1,30,,8975,6,,,1,71,,8977,6,,,1,31,,8970,6,,,1,71,,8981,6,,,1,31,,8971,6,,,1,70,,8978,6,,,1,31,,8979,6,,,1,70,,8982,6,,,1,30,,8984,6,,,1,70,,8986,6,,,1,30,,8980,6,,,1,70,,8983,6,,,1,31,,8985,6,,,1,68,,8987,6,,,1,30,,8988,6,,,1,69,,8989,6,,,1,28,,8990,6,,,1,67,,8992,6,,,1
1200000301,'53',759,,8998,6,,,1,71,,9000,6,,,1,71,,9003,6,,,1,30,,9005,6,,,1,71,,8999,6,,,1,30,,9001,6,,,1,71,,9004,6,,,1,31,,9006,6,,,1,71,,9008,6,,,1,31,,9002,6,,,1,70,,9010,6,,,1,31,,9007,6,,,1,70,,9009,6,,,1,30,,9012,6,,,1,70,,9011,6,,,1,30,,9015,6,,,1,70,,9017,6,,,1,31,,9013,6,,,1,68,,9019,6,,,1,30,,9016,6,,,1,69,,9018,6,,,1,28,,9014,6,,,1,67,,9020,6,,,1
1200000401,'51',737,,9028,6,4,,1,18,,9029,6,4,,1,56,,9030,6,4,,1,15,,9027,6,4,,1,790,,9031,6,,,1,31,,9034,6,,,1,67,,9035,6,,,1
