1100,'51',609,,7809,7,,,1,25,,7806,80,,,1,74,,7810,80,,,1,30,,7807,80,,,1,74,,7811,80,,,1,30,,7808,80,,,1,58,,7812,80,,,1,29,,7814,80,,,1,74,,7813,80,,,1,30,,7815,80,,,1,75,,7818,80,,,1,30,,7816,80,,,1,73,,7819,80,,,1,30,,7817,80,,,1,77,,7820,80,,,1,30,,7821,80,,,1,88,,7822,80,,,1,71,,7824,80,,,1,36,,7823,80,,,1,72,,7825,80,,,1,41,,7827,81,,,1,62,,7826,80,,,1,22,,7829,80,,,1,66,,7828,80,,,1,35,,7830,80,,,1,68,,7832,80,,,1,30,,7831,80,,,1,100,,7833,80,,,1,100,,7834,80,,,1,100,,7835,80,,,1,100,,7836,80,,,1
1100,'52',738,,7837,80,,,1,102,,7838,80,,,1,99,,7839,80,,,1,102,,7840,80,,,1,100,,7841,80,,,1,100,,7842,80,,,1,101,,7843,80,,,1,99,,7844,80,,,1,100,,7845,80,,,1,100,,7846,80,,,1,99,,7847,80,,,1,99,,7848,80,,,1,99,,7849,80,,,1,100,,7850,80,,,1,100,,7852,80,,,1,100,,7853,80,,,1,100,,7851,80,,,1
1100,'53',939,,7854,80,,,1,102,,7855,80,,,1,100,,7856,80,,,1,100,,7857,80,,,1,101,,7858,80,,,1,99,,7859,80,,,1,100,,7860,80,,,1,100,,7861,80,,,1,99,,7862,80,,,1,99,,7863,80,,,1
1301,'51',657,,7876,29,,,2,85,,7877,29,,,2,73,,7875,29,,,2,812,,7880,29,,,2,14,,7878,29,,,2,75,,7881,29,,,2,30,,7879,29,,,2
1301,'68',1642,,7882,15,,,2
1500,'51',604,,7883,34,0,29,2,32,,7885,34,0,29,2,69,,7887,34,0,29,2,21,,7884,37,0,29,2,80,,7886,37,0,29,2,41,,7888,37,0,10 11,2,111,,7889,34,0,12 13,2,100,,7890,34,0,12 13,2,100,,7891,37,0,12 13,2,101,,7892,33,0,12 13,2
1500,'67',846,,7893,22,0,10 11,2
1600,'51',1355,,7909,18,0,12 13,2,96,,7910,18,0,12 13,2,76,,7911,18,0,29,2,26,,7913,3,0,29,2,75,,7912,21,0,29,2,77,,7916,21,0,29,2,27,,7914,21,0,29,2,99,,7917,21,0,12 13,2,108,,7915,18,0,12 13,2,107,,7918,18,0,12 13,2
13100,'64',728,,8305,39,,,2
20001,'51',550,,8328,7,0,14,2,60,,8329,7,0,14,2,816,,8330,7,0,36 37,2,29,,8331,7,0,36 37,2
20001,'52',621,,8332,7,0,36 37,2,19,,8333,7,0,14,2,9,,8334,7,0,36 37,2
21001,'51',530,,8353,7,,,2,27,,8354,7,,,2,55,,8355,7,,,2,13,,8356,7,,,2,604,,8357,7,,,2,79,,8358,7,,,2,104,,8359,7,,,2,27,,8360,7,,,2,567,,8361,7,,,2
21001,'52',607,,8362,7,,,2,131,,8363,7,,,2,302,,8364,7,,,2,670,,8365,7,,,2,30,,8366,7,,,2
21001,'53',637,,8367,7,,,2,70,,8368,7,,,2,31,,8369,7,,,2
38001,'51',525,,8412,7,,,2,80,,8413,7,,,2,28,,8414,7,,,2
1200000101,'51',1527,,8526,23,,,1,31,,8527,23,,,1,70,,8528,23,,,1,73,,8529,23,,,1
2000001500,'52',751,,9066,34,,,2,101,,9067,33,,,2,100,,9068,33,,,2,94,,9069,33,,,2,109,,9070,33,,,2,101,,9071,33,,,2,191,,9072,34,,,2,102,,9073,33,,,2,96,,9074,33,,,2,106,,9075,33,,,2,96,,9076,33,,,2
2000001500,'53',852,,9077,34,,,2,100,,9078,33,,,2,94,,9079,33,,,2,109,,9080,33,,,2,101,,9081,33,,,2,191,,9082,34,,,2,102,,9083,33,,,2,96,,9084,33,,,2,106,,9085,33,,,2,96,,9086,33,,,2
