13100,'64',746,,8305,63,,,2
32501,'63',1622,,8399,25,,,2
34501,'63',1625,,8401,22,,,2
5004200,'61',658,,8511,15,,,2
1200000101,'51',1544,,8526,41,,,1,72,,8527,41,,,1,31,,8528,41,,,1,71,,8529,41,,,1
1200000200,'51',546,,8533,15,,,1,55,,8531,37,,,1,15,,8535,37,,,1,8,,8539,15,,,1,7,,8537,37,,,1,8,,8542,15,,,1,9,,8538,37,,,1,55,,8540,37,,,1,16,,8544,37,,,1,17,,8530,37,,,1,15,,8545,37,,,1,55,,8534,37,,,1,14,,8541,37,,,1,14,,8532,37,,,1,15,,8543,37,,,1,59,,8536,37,,,1,14,,8549,37,,,1,17,,8548,37,,,1,17,,8551,37,,,1,54,,8547,37,,,1,15,,8546,37,,,1,15,,8552,37,,,1,15,,8554,37,,,1,55,,8555,37,,,1,15,,8556,37,,,1,15,,8550,37,,,1,15,,8557,37,,,1,55,,8558,37,,,1,15,,8559,37,,,1,16,,8560,37,,,1,15,,8561,37,,,1,55,,8553,37,,,1,15,,8562,37,,,1,14,,8564,37,,,1,15,,8565,37,,,1,55,,8566,37,,,1,21,,8563,37,,,1,12,,8568,37,,,1,16,,8571,37,,,1,55,,8572,37,,,1,15,,8574,37,,,1,12,,8567,37,,,1,14,,8575,37,,,1,55,,8570,37,,,1,15,,8577,37,,,1,9,,8581,24,,,1,8,,8579,37,,,1,12,,8583,37,,,1,55,,8569,37,,,1,17,,8582,37,,,1,14,,8584,37,,,1,15,,8573,37,,,1,54,,8576,37,,,1,15,,8578,37,,,1,15,,8585,37,,,1,15,,8580,37,,,1,70,,8588,37,,,1,30,,8587,37,,,1,70,,8592,37,,,1,30,,8586,37,,,1,69,,8594,37,,,1,32,,8589,37,,,1,70,,8591,37,,,1,32,,8593,37,,,1,66,,8595,37,,,1,30,,8590,37,0,14,1
1200000200,'52',724,,8599,37,,,1,30,,8598,37,,,1,71,,8602,37,,,1,30,,8596,37,,,1,70,,8601,37,,,1,30,,8600,37,,,1,70,,8604,37,,,1,30,,8603,37,,,1,70,,8597,37,,,1,31,,8607,37,,,1,70,,8608,37,,,1,30,,8605,37,,,1,70,,8606,37,,,1,30,,8611,37,,,1,70,,8610,37,,,1,30,,8609,37,,,1,70,,8614,37,,,1,30,,8616,37,,,1,70,,8612,37,,,1,30,,8619,37,,,1,70,,8618,37,,,1,30,,8615,37,,,1,69,,8617,37,,,1,28,,8622,37,,,1,70,,8613,37,,,1,31,,8620,37,,,1,69,,8623,37,,,1,29,,8625,37,,,1,70,,8624,37,,,1,30,,8628,37,,,1,70,,8621,37,,,1,30,,8626,37,,,1,70,,8627,37,,,1
1200000200,'53',724,,8629,37,,,1,30,,8630,37,,,1,71,,8631,37,,,1,30,,8632,37,,,1,70,,8634,37,,,1,30,,8638,37,,,1,70,,8636,37,,,1,30,,8640,37,,,1,70,,8637,37,,,1,31,,8635,37,,,1,70,,8639,37,,,1,30,,8641,37,,,1,70,,8633,37,,,1,30,,8642,37,,,1,70,,8644,37,,,1,30,,8647,37,,,1,70,,8649,37,,,1,30,,8651,37,,,1,70,,8643,37,,,1,30,,8645,37,,,1,70,,8648,37,,,1,30,,8650,37,,,1,69,,8652,37,,,1,28,,8654,37,,,1,70,,8653,37,,,1,31,,8646,37,,,1,69,,8655,37,,,1
1200000200,'69',700,,8656,15,,,1,47,,8657,15,,,1
1200000400,'51',655,,9024,39,,,1,56,,9025,39,,,1,16,,9026,39,,,1,16,,9023,39,,,1
