2201,'51',629,,7949,6,,,2,28,,7965,6,0,23,2,70,,7950,6,0,23,2,25,,7967,6,,,2,68,,7969,6,,,2,26,,7966,6,,,2,66,,7968,6,,,2,42,,7951,6,,,2,77,,7955,6,,,2,72,,7952,6,,,2,30,,7956,6,,,2,70,,7953,6,,,2,31,,7957,6,,,2,70,,7954,6,,,2,30,,7958,6,,,2,70,,7970,6,,,2,30,,7959,6,,,2,75,,7960,6,,,2,25,,7962,6,,,2,15,,7971,6,,,2,91,,7972,10,,,2,71,,7973,6,,,2,35,,7961,6,,,2,72,,7963,6,,,2,25,,7974,6,,,2,64,,7964,6,,,2
2201,'68',1640,,7975,10,,,2
2301,'51',623,,8041,6,,,2,30,,8045,6,,,2,150,,8046,6,,,2,38,,8023,6,,,2,72,,8027,6,,,2,29,,8024,6,,,2,75,,8028,6,,,2,31,,8025,6,,,2,70,,8029,6,,,2,30,,8026,6,,,2,70,,8030,6,,,2,31,,8031,6,,,2,70,,8033,6,,,2,30,,8032,6,,,2,70,,8034,6,,,2,34,,8044,6,,,2,82,,8042,6,,,2,105,,8043,10,,,2,105,,8036,6,,,2,69,,8035,6,,,2,38,,8037,6,,,2,102,,8038,6,,,2,90,,8039,6,,,2,114,,8040,6,,,2
2301,'52',659,,8047,6,,,2,100,,8048,6,,,2,141,,8049,6,,,2,101,,8050,6,,,2,101,,8051,6,,,2,101,,8052,6,,,2,101,,8053,6,,,2,100,,8054,6,,,2,100,,8055,6,,,2,100,,8056,6,,,2,101,,8057,6,,,2,97,,8058,6,,,2
2301,'53',759,,8059,6,,,2,141,,8060,6,,,2,101,,8061,6,,,2,101,,8062,6,,,2,101,,8063,6,,,2,101,,8064,6,,,2,100,,8065,6,,,2,100,,8066,6,,,2,100,,8067,6,,,2,101,,8068,6,,,2,97,,8069,6,,,2
2301,'68',1640,,8070,10,,,2
22101,'65',1525,,8371,19,,,2
22201,'65',1525,,8373,18,,,2
22500,'62',758,,8374,3,,,2
23101,'65',1524,,8379,19,,,2
23201,'65',1528,,8381,27,,,2
5002301,'51',1607,,8486,16,,,2,46,,8484,16,,,2,66,,8483,16,,,2,110,,8485,16,,,2
5002401,'51',1608,,8492,16,,,2,46,,8490,16,,,2,65,,8491,16,,,2
5004301,'61',1648,,8514,11,0,14 1 18 19 20,2,95,,8516,11,0,14 1 18 19 20,2,89,,8515,11,0,14 1 18 19 20,2
1200000101,'51',1600,,8526,57,,,1,32,,8527,57,,,1,71,,8528,57,,,1,31,,8529,57,,,1
1200000301,'51',610,,8915,6,,,1,28,,8920,6,,,1,75,,8913,19,,,1,20,,8917,19,,,1,75,,8912,19,,,1,29,,8927,19,,,1,65,,8928,19,,,1,25,,8914,19,,,1,29,,8918,19,,,1,67,,8922,19,,,1,36,,8929,19,,,1,60,,8931,19,,,1,20,,8930,19,,,1,20,,8933,19,,,1,63,,8923,19,,,1,20,,8935,19,,,1,62,,8937,19,,,1,19,,8932,19,,,1,20,,8938,19,,,1,60,,8934,19,,,1,18,,8940,19,,,1,20,,8936,19,,,1,59,,8941,19,,,1,24,,8942,19,,,1,16,,8939,16,,,1,16,,8944,16,,,1,62,,8943,16,,,1,18,,8952,16,,,1,19,,8949,16,,,1,51,,8951,16,,,1,14,,8946,16,,,1,14,,8945,16,,,1,16,,8955,16,,,1,54,,8953,16,,,1,12,,8958,16,,,1,8,,8948,16,,,1,7,,8950,16,,,1,13,,8947,16,,,1,56,,8954,16,,,1,25,,8957,19,,,1,24,,8956,19,,,1,71,,8966,19,,,1,30,,8965,19,,,1,70,,8967,19,,,1,33,,8961,19,,,1,72,,8959,6,,,1,30,,8962,6,,,1,68,,8960,6,,,1,30,,8963,6,,,1,79,,8964,6,,,1
1200000301,'52',749,,8968,19,,,1,70,,8972,19,,,1,31,,8974,19,,,1,71,,8976,19,,,1,31,,8969,19,,,1,72,,8973,19,,,1,31,,8975,19,,,1,71,,8977,19,,,1,31,,8970,19,,,1,71,,8981,19,,,1,31,,8971,19,,,1,71,,8978,19,,,1,71,,8979,19,,,1,30,,8982,19,,,1,70,,8984,19,,,1,30,,8986,19,,,1,70,,8980,19,,,1,31,,8983,19,,,1,71,,8985,19,,,1,27,,8987,19,,,1,28,,8988,19,,,1,69,,8989,19,,,1,27,,8990,19,,,1,67,,8992,19,,,1,35,,8991,6,,,1,100,,8993,6,,,1,96,,8994,6,,,1,99,,8995,6,,,1,78,,8996,6,,,1,102,,8997,6,,,1
1200000301,'53',819,,8998,19,,,1,31,,9000,19,,,1,71,,9003,19,,,1,31,,9005,19,,,1,72,,8999,19,,,1,31,,9001,19,,,1,71,,9004,19,,,1,31,,9006,19,,,1,71,,9008,19,,,1,31,,9002,19,,,1,71,,9010,19,,,1,71,,9007,19,,,1,30,,9009,19,,,1,70,,9012,19,,,1,30,,9011,19,,,1,70,,9015,19,,,1,31,,9017,19,,,1,71,,9013,19,,,1,27,,9019,19,,,1,28,,9016,19,,,1,69,,9018,19,,,1,27,,9014,19,,,1,67,,9020,19,,,1,35,,9021,6,,,1,161,,9022,6,,,1
