1301,'51',657,,7876,28,,,2,85,,7877,28,,,2,73,,7875,28,,,2,812,,7880,28,,,2,14,,7878,28,,,2,75,,7881,28,,,2,30,,7879,28,,,2
1301,'68',1642,,7882,14,,,2
1500,'51',603,,7883,33,0,29,2,33,,7885,33,0,29,2,69,,7887,33,0,29,2,21,,7884,36,0,29,2,80,,7886,36,0,29,2,41,,7888,36,0,10 11,2,111,,7889,33,0,12 13,2,100,,7890,33,0,12 13,2,100,,7891,36,0,12 13,2,101,,7892,32,0,12 13,2
1500,'67',846,,7893,21,0,10 11,2
1600,'51',1355,,7909,17,0,12 13,2,96,,7910,17,0,12 13,2,76,,7911,17,0,29,2,25,,7913,2,0,29,2,75,,7912,20,0,29,2,78,,7916,20,0,29,2,27,,7914,20,0,29,2,99,,7917,20,0,12 13,2,108,,7915,17,0,12 13,2,106,,7918,17,0,12 13,2
13100,'64',727,,8305,38,,,2
20001,'51',550,,8328,6,0,14,2,60,,8329,6,0,14,2,816,,8330,6,0,36 37,2,29,,8331,6,0,36 37,2
20001,'52',621,,8332,6,0,36 37,2,19,,8333,6,0,14,2,9,,8334,6,0,36 37,2
21001,'51',530,,8353,6,,,2,27,,8354,6,,,2,55,,8355,6,,,2,13,,8356,6,,,2,604,,8357,6,,,2,79,,8358,6,,,2,104,,8359,6,,,2,27,,8360,6,,,2,567,,8361,6,,,2
21001,'52',607,,8362,6,,,2,131,,8363,6,,,2,302,,8364,6,,,2,670,,8365,6,,,2,30,,8366,6,,,2
21001,'53',637,,8367,6,,,2,70,,8368,6,,,2,31,,8369,6,,,2
38001,'51',525,,8412,6,,,2,80,,8413,6,,,2,28,,8414,6,,,2
1200000101,'51',1527,,8526,22,,,1,31,,8527,22,,,1,70,,8528,22,,,1,73,,8529,22,,,1
2000001500,'52',751,,9066,33,,,2,101,,9067,32,,,2,100,,9068,32,,,2,94,,9069,32,,,2,109,,9070,32,,,2,101,,9071,32,,,2,191,,9072,33,,,2,102,,9073,32,,,2,96,,9074,32,,,2,106,,9075,32,,,2,96,,9076,32,,,2
2000001500,'53',852,,9077,33,,,2,100,,9078,32,,,2,94,,9079,32,,,2,109,,9080,32,,,2,101,,9081,32,,,2,191,,9082,33,,,2,102,,9083,32,,,2,96,,9084,32,,,2,106,,9085,32,,,2,96,,9086,32,,,2
