22100,'64',731,,8370,32,,,2
22200,'64',729,,8372,28,,,2
23100,'64',738,,8378,65,,,2
5003701,'51',1606,,8507,16,,,2,108,,8506,16,,,2,114,,8508,16,,,2
5003801,'51',1650,,8510,16,,,2,90,,8509,16,,,2
1200000100,'51',630,,8518,49,0,34 35 6 31,1,70,,8519,49,0,34 35 6 31,1,20,,8520,49,0,34 35 6 31,1,30,,8523,49,0,16 1 17,1,70,,8521,49,0,34 35 6 31,1
1200000201,'51',608,,8658,4,0,29,1,35,,8663,16,0,29,1,8,,8674,4,0,29,1,7,,8661,16,0,29,1,48,,8677,4,0,29,1,11,,8665,16,0,29,1,10,,8671,16,0,29,1,10,,8668,16,0,29,1,10,,8660,16,0,29,1,10,,8670,16,0,29,1,59,,8673,16,0,29,1,18,,8679,16,0,29,1,15,,8659,16,0,29,1,54,,8681,16,0,29,1,14,,8664,16,0,29,1,12,,8675,16,0,29,1,12,,8662,16,0,29,1,12,,8678,16,0,29,1,55,,8666,16,0,29,1,12,,8685,16,0,29,1,17,,8684,16,0,29,1,18,,8687,16,0,29,1,54,,8683,16,0,29,1,15,,8682,16,0,29,1,15,,8688,16,0,29,1,15,,8690,16,0,29,1,55,,8691,16,0,29,1,17,,8692,16,0,29,1,15,,8686,16,0,29,1,15,,8693,16,0,29,1,55,,8694,16,0,29,1,15,,8695,16,0,29,1,16,,8696,16,0,29,1,15,,8697,16,0,29,1,55,,8689,16,0,29,1,15,,8698,16,0,29,1,14,,8700,16,0,29,1,15,,8701,16,0,29,1,57,,8702,16,0,29,1,13,,8706,16,0,29,1,14,,8699,16,0,29,1,60,,8704,16,0,29,1,18,,8709,16,0,29,1,15,,8710,16,0,29,1,18,,8712,16,0,29,1,51,,8703,16,0,29,1,13,,8714,16,0,29,1,12,,8708,16,0,29,1,14,,8716,16,0,29,1,14,,8718,16,0,29,1,49,,8720,16,0,29,1,13,,8707,16,0,29,1,12,,8713,16,0,29,1,7,,8705,16,0,29,1,7,,8721,16,0,29,1,12,,8711,16,0,29,1,53,,8715,16,0,29,1,12,,8717,16,0,29,1,14,,8722,16,0,29,1,14,,8719,16,0,29,1,60,,8723,16,0,29,1,30,,8724,16,0,29,1,72,,8726,16,0,29,1,35,,8728,16,0,29,1,68,,8730,16,0,29,1,31,,8725,16,0,29,1,68,,8727,16,0,29,1,31,,8729,16,0,29,1,86,,8731,16,0,29,1
1200000201,'52',641,,8735,4,0,29,1,76,,8732,16,0,29,1,30,,8740,16,0,29,1,70,,8738,16,0,29,1,31,,8736,16,0,29,1,71,,8742,16,0,29,1,31,,8733,16,0,29,1,71,,8741,16,0,29,1,30,,8739,16,0,29,1,70,,8744,16,0,29,1,30,,8743,16,0,29,1,70,,8734,16,0,29,1,32,,8747,16,0,29,1,71,,8748,16,0,29,1,30,,8745,16,0,29,1,70,,8746,16,0,29,1,31,,8751,16,0,29,1,70,,8750,16,0,29,1,29,,8749,16,0,29,1,71,,8754,16,0,29,1,32,,8756,16,0,29,1,70,,8752,16,0,29,1,28,,8759,16,0,29,1,70,,8758,16,0,29,1,26,,8755,16,0,29,1,67,,8757,16,0,29,1,28,,8762,16,0,29,1,69,,8753,16,0,29,1,31,,8760,16,0,29,1,67,,8763,16,0,29,1,28,,8765,16,0,29,1,70,,8764,16,0,29,1,30,,8768,16,0,29,1,70,,8761,16,0,29,1,29,,8766,16,0,29,1,88,,8767,16,0,29,1
1200000201,'53',817,,8770,16,0,29,1,31,,8772,16,0,29,1,71,,8774,16,0,29,1,31,,8776,16,0,29,1,71,,8778,16,0,29,1,30,,8782,16,0,29,1,70,,8780,16,0,29,1,30,,8784,16,0,29,1,70,,8781,16,0,29,1,32,,8779,16,0,29,1,71,,8783,16,0,29,1,30,,8785,16,0,29,1,70,,8777,16,0,29,1,31,,8786,16,0,29,1,70,,8788,16,0,29,1,29,,8791,16,0,29,1,71,,8793,16,0,29,1,32,,8795,16,0,29,1,70,,8787,16,0,29,1,28,,8789,16,0,29,1,70,,8792,16,0,29,1,26,,8794,16,0,29,1,67,,8796,16,0,29,1,28,,8798,16,0,29,1,69,,8797,16,0,29,1,31,,8790,16,0,29,1,67,,8799,16,0,29,1
1200000201,'68',1640,,8800,10,0,29,1
1200000201,'69',1608,,8803,16,0,29,1,18,,8804,16,0,29,1
1200000401,'51',1656,,9031,16,,,1,68,,9034,16,,,1,22,,9035,16,,,1
