2301,'51',624,,8041,9,,,2,30,,8045,9,,,2,150,,8046,9,,,2,38,,8023,9,,,2,72,,8027,9,,,2,29,,8024,9,,,2,75,,8028,9,,,2,31,,8025,9,,,2,70,,8029,9,,,2,30,,8026,9,,,2,70,,8030,9,,,2,31,,8031,9,,,2,70,,8033,9,,,2,30,,8032,9,,,2,70,,8034,9,,,2,34,,8044,9,,,2,82,,8042,9,,,2,107,,8043,13,,,2,104,,8036,9,,,2,68,,8035,9,,,2,38,,8037,9,,,2,102,,8038,9,,,2,90,,8039,9,,,2,114,,8040,9,,,2
2301,'52',701,,8047,9,,,2,100,,8048,9,,,2,101,,8049,9,,,2,101,,8050,9,,,2,101,,8051,9,,,2,101,,8052,9,,,2,101,,8053,9,,,2,100,,8054,9,,,2,100,,8055,9,,,2,100,,8056,9,,,2,101,,8057,9,,,2,97,,8058,9,,,2
2301,'53',801,,8059,9,,,2,101,,8060,9,,,2,101,,8061,9,,,2,101,,8062,9,,,2,101,,8063,9,,,2,101,,8064,9,,,2,100,,8065,9,,,2,100,,8066,9,,,2,100,,8067,9,,,2,101,,8068,9,,,2,97,,8069,9,,,2
2301,'68',1643,,8070,13,,,2
2401,'51',1552,,8072,2,,,2,207,,8076,2,,,2,59,,8073,2,,,2,27,,8074,2,,,2,64,,8075,2,,,2
6501,'51',1657,,8288,2,,,2,61,,8289,2,,,2,41,,8290,2,,,2
22101,'65',1528,,8371,22,,,2
22500,'62',801,,8374,6,,,2
23101,'65',1525,,8379,22,,,2
5002301,'51',1610,,8486,19,,,2,46,,8484,19,,,2,66,,8483,19,,,2,110,,8485,19,,,2
5002401,'51',1611,,8492,19,,,2,46,,8490,19,,,2,65,,8491,19,,,2
1200000101,'51',1602,,8526,60,,,1,32,,8527,60,,,1,71,,8528,60,,,1,31,,8529,60,,,1
1200000301,'51',611,,8915,9,,,1,28,,8920,9,,,1,76,,8913,22,,,1,20,,8917,22,,,1,75,,8912,22,,,1,29,,8927,22,,,1,65,,8928,22,,,1,25,,8914,22,,,1,29,,8918,22,,,1,67,,8922,22,,,1,76,,8929,22,,,1,20,,8931,22,,,1,20,,8930,22,,,1,60,,8933,22,,,1,23,,8923,22,,,1,20,,8935,22,,,1,62,,8937,22,,,1,19,,8932,22,,,1,20,,8938,22,,,1,60,,8934,22,,,1,18,,8940,22,,,1,20,,8936,22,,,1,59,,8941,22,,,1,24,,8942,22,,,1,17,,8939,19,,,1,16,,8944,19,,,1,62,,8943,19,,,1,18,,8952,19,,,1,19,,8949,19,,,1,51,,8951,19,,,1,14,,8946,19,,,1,14,,8945,19,,,1,16,,8955,19,,,1,54,,8953,19,,,1,12,,8958,19,,,1,8,,8948,19,,,1,7,,8950,19,,,1,13,,8947,19,,,1,56,,8954,19,,,1,24,,8957,22,,,1,24,,8956,22,,,1,71,,8966,22,,,1,30,,8965,22,,,1,70,,8967,22,,,1,33,,8961,22,,,1,71,,8959,9,,,1,30,,8962,9,,,1,68,,8960,9,,,1,30,,8963,9,,,1,79,,8964,9,,,1
1200000301,'52',751,,8968,22,,,1,70,,8972,22,,,1,31,,8974,22,,,1,71,,8976,22,,,1,31,,8969,22,,,1,72,,8973,22,,,1,31,,8975,22,,,1,71,,8977,22,,,1,31,,8970,22,,,1,71,,8981,22,,,1,71,,8971,22,,,1,31,,8978,22,,,1,71,,8979,22,,,1,30,,8982,22,,,1,70,,8984,22,,,1,30,,8986,22,,,1,70,,8980,22,,,1,31,,8983,22,,,1,71,,8985,22,,,1,27,,8987,22,,,1,68,,8988,22,,,1,29,,8989,22,,,1,27,,8990,22,,,1,67,,8992,22,,,1,35,,8991,9,,,1,100,,8993,9,,,1,96,,8994,9,,,1,98,,8995,9,,,1,78,,8996,9,,,1,102,,8997,9,,,1
1200000301,'53',821,,8998,22,,,1,31,,9000,22,,,1,71,,9003,22,,,1,31,,9005,22,,,1,72,,8999,22,,,1,31,,9001,22,,,1,71,,9004,22,,,1,31,,9006,22,,,1,71,,9008,22,,,1,71,,9002,22,,,1,31,,9010,22,,,1,71,,9007,22,,,1,30,,9009,22,,,1,70,,9012,22,,,1,30,,9011,22,,,1,70,,9015,22,,,1,31,,9017,22,,,1,71,,9013,22,,,1,27,,9019,22,,,1,68,,9016,22,,,1,29,,9018,22,,,1,27,,9014,22,,,1,67,,9020,22,,,1,35,,9021,9,,,1,161,,9022,9,,,1
2000002200,'51',656,,9109,2,0,18 19 20 1 34 35 6 21 44 46,2,90,,9111,2,0,18 19 20 1 34 35 6 21 44 46,2
2000002201,'51',1547,,9113,2,0,21 22 1 18 19 20 44 45,2,83,,9114,2,0,21 22 1 18 19 20 44 45,2,84,,9115,2,0,21 22 1 18 19 20 44 45,2,88,,9116,2,0,21 22 1 18 19 20 44 45,2,40,,9117,2,0,21 22,2
