2300,'51',611,,7994,49,,,2,236,,7997,49,0,14 1 15,2,70,,7976,49,,,2,36,,7979,49,,,2,70,,7977,49,,,2,31,,7980,49,,,2,70,,7978,49,,,2,30,,7981,49,,,2,71,,7983,35,,,2,30,,7982,35,,,2,70,,7984,35,,,2,30,,7986,35,,,2,72,,7985,35,,,2,73,,7987,35,,,2,31,,7996,35,,,2,117,,7998,35,,,2,75,,7995,35,,,2,28,,7988,35,,,2,71,,7990,35,,,2,27,,7989,35,,,2,78,,7991,35,,,2,102,,7992,35,,,2,95,,7993,35,,,2
2300,'52',649,,7999,49,,,2,100,,8000,49,,,2,101,,8001,49,,,2,101,,8002,49,,,2,101,,8003,49,,,2,101,,8004,49,,,2,101,,8005,49,,,2,100,,8006,35,,,2,100,,8007,35,,,2,100,,8008,35,,,2,101,,8009,35,,,2,88,,8010,35,,,2
2300,'53',749,,8011,49,,,2,101,,8012,49,,,2,101,,8013,49,,,2,101,,8014,49,,,2,101,,8015,49,,,2,101,,8016,49,,,2,100,,8017,35,,,2,100,,8018,35,,,2,100,,8019,35,,,2,101,,8020,35,,,2,88,,8021,35,,,2
2300,'67',846,,8022,13,0,14 1 15,2
22100,'64',719,,8370,22,,,2
22501,'63',1705,,8375,32,,,2
23100,'64',729,,8378,56,,,2
5002300,'51',639,,8479,49,,,2,66,,8481,49,,,2,30,,8482,49,,,2,71,,8480,49,,,2
5002400,'51',705,,8489,25,,,2,28,,8487,25,,,2,71,,8488,25,,,2
5004300,'61',658,,8512,2,,,2,160,,8513,2,,,2
1200000100,'51',558,,8517,40,0,14,1,64,,8518,40,0,34 35 6 31,1,30,,8519,40,0,34 35 6 31,1,60,,8520,40,0,34 35 6 31,1,30,,8523,40,0,16 1 17,1,70,,8521,40,0,34 35 6 31,1
1200000300,'51',620,,8806,40,0,36 37,1,16,,8809,40,0,36 37,1,14,,8811,40,0,36 37,1,50,,8815,40,0,36 37,1,10,,8808,40,0,36 37,1,10,,8816,40,0,36 37,1,10,,8817,40,0,36 37,1,10,,8812,40,0,36 37,1,15,,8820,40,0,36 37,1,55,,8822,40,0,36 37,1,16,,8807,40,0,36 37,1,15,,8818,40,0,36 37,1,15,,8810,40,0,36 37,1,55,,8805,40,0,36 37,1,15,,8813,40,0,36 37,1,15,,8819,40,0,36 37,1,60,,8821,40,0,36 37,1,20,,8824,40,0,36 37,1,20,,8823,40,0,36 37,1,60,,8826,40,0,36 37,1,20,,8814,40,0,36 37,1,20,,8828,40,0,36 37,1,62,,8830,40,0,36 37,1,20,,8825,40,0,36 37,1,20,,8831,40,0,36 37,1,60,,8827,40,0,36 37,1,18,,8833,40,0,36 37,1,20,,8829,40,0,36 37,1,59,,8834,40,0,36 37,1,20,,8836,40,0,36 37,1,19,,8832,40,0,36 37,1,65,,8838,40,0,36 37,1,31,,8840,42,0,36 37,1,67,,8835,42,0,36 37,1,29,,8837,42,0,36 37,1,71,,8841,42,0,36 37,1,31,,8839,42,0,36 37,1,73,,8842,42,0,36 37,1,24,,8844,40,0,36 37,1,27,,8843,40,0,36 37,1,61,,8850,40,0,36 37,1,30,,8852,40,0,36 37,1,72,,8853,40,0,36 37,1,33,,8855,40,0,36 37,1,66,,8851,40,0,36 37,1,27,,8849,40,0,36 37,1,70,,8854,40,0,36 37,1,30,,8847,40,0,36 37,1,66,,8845,40,0,36 37,1,30,,8848,40,0,36 37,1,68,,8846,40,0,36 37,1
1200000300,'52',658,,8856,40,0,36 37,1,70,,8860,40,0,36 37,1,30,,8862,40,0,36 37,1,71,,8864,40,0,36 37,1,30,,8857,40,0,36 37,1,71,,8861,40,0,36 37,1,70,,8863,40,0,36 37,1,31,,8865,40,0,36 37,1,71,,8858,40,0,36 37,1,30,,8869,40,0,36 37,1,71,,8859,40,0,36 37,1,30,,8866,40,0,36 37,1,71,,8867,40,0,36 37,1,30,,8870,40,0,36 37,1,70,,8872,40,0,36 37,1,30,,8874,40,0,36 37,1,70,,8868,40,0,36 37,1,30,,8871,40,0,36 37,1,69,,8873,40,0,36 37,1,30,,8875,40,0,36 37,1,70,,8876,40,0,36 37,1,30,,8878,40,0,36 37,1,69,,8879,40,0,36 37,1,30,,8881,40,0,36 37,1,19,,8877,40,0,36 37,1,94,,8880,40,0,36 37,1,100,,8882,40,0,36 37,1,96,,8883,40,0,36 37,1,99,,8884,40,0,36 37,1,177,,8885,40,0,36 37,1
1200000300,'53',728,,8886,40,0,36 37,1,30,,8888,40,0,36 37,1,71,,8891,40,0,36 37,1,30,,8893,40,0,36 37,1,71,,8887,40,0,36 37,1,70,,8889,40,0,36 37,1,31,,8892,40,0,36 37,1,71,,8894,40,0,36 37,1,30,,8896,40,0,36 37,1,71,,8890,40,0,36 37,1,30,,8898,40,0,36 37,1,71,,8895,40,0,36 37,1,30,,8897,40,0,36 37,1,70,,8900,40,0,36 37,1,30,,8899,40,0,36 37,1,70,,8904,40,0,36 37,1,30,,8907,40,0,36 37,1,69,,8901,40,0,36 37,1,30,,8909,40,0,36 37,1,70,,8905,40,0,36 37,1,30,,8908,40,0,36 37,1,69,,8902,40,0,36 37,1,30,,8910,40,0,36 37,1,19,,8906,40,0,36 37,1,94,,8903,40,0,36 37,1,157,,8911,40,0,36 37,1
