2201,'51',640,,7949,29,,,2,68,,7965,29,4,,2,30,,7950,29,4,,2,65,,7967,29,,,2,28,,7969,29,,,2,26,,7966,29,,,2,66,,7968,29,,,2,82,,7951,29,,,2,37,,7955,29,,,2,72,,7952,29,,,2,30,,7956,29,,,2,70,,7953,29,,,2,31,,7957,29,,,2,70,,7954,29,,,2,30,,7958,29,,,2,70,,7970,29,,,2,30,,7959,29,,,2,76,,7960,29,,,2,25,,7962,29,,,2,55,,7971,29,,,2,51,,7972,33,,,2,71,,7973,29,,,2,34,,7961,29,,,2,72,,7963,29,,,2,25,,7974,29,,,2,64,,7964,29,,,2
2201,'68',1652,,7975,33,,,2
2401,'51',1554,,8072,4,,,2,247,,8076,4,,,2,19,,8073,4,,,2,27,,8074,4,,,2,64,,8075,4,,,2
6501,'51',1658,,8288,4,,,2,61,,8289,4,,,2,81,,8290,4,,,2
22101,'65',1536,,8371,27,,,2
22500,'62',807,,8374,14,,,2
23500,'62',817,,8382,46,,,2
23600,'62',817,,8384,26,,,2
5002401,'51',1614,,8492,21,,,2,86,,8490,21,,,2,24,,8491,21,,,2
1200000101,'51',1605,,8526,62,,,1,32,,8527,62,,,1,71,,8528,62,,,1,30,,8529,62,,,1
1200000301,'51',613,,8915,11,,,1,28,,8920,11,,,1,76,,8913,24,,,1,20,,8917,24,,,1,75,,8912,24,,,1,29,,8927,24,,,1,65,,8928,24,,,1,25,,8914,24,,,1,69,,8918,24,,,1,27,,8922,24,,,1,76,,8929,24,,,1,20,,8931,24,,,1,20,,8930,24,,,1,60,,8933,24,,,1,23,,8923,24,,,1,20,,8935,24,,,1,62,,8937,24,,,1,19,,8932,24,,,1,20,,8938,24,,,1,60,,8934,24,,,1,18,,8940,24,,,1,20,,8936,24,,,1,59,,8941,24,,,1,24,,8942,24,,,1,17,,8939,21,,,1,56,,8944,21,,,1,23,,8943,21,,,1,18,,8952,21,,,1,59,,8949,21,,,1,11,,8951,21,,,1,13,,8946,21,,,1,14,,8945,21,,,1,16,,8955,21,,,1,54,,8953,21,,,1,12,,8958,21,,,1,8,,8948,21,,,1,7,,8950,21,,,1,13,,8947,21,,,1,56,,8954,21,,,1,24,,8957,24,,,1,24,,8956,24,,,1,71,,8966,24,,,1,30,,8965,24,,,1,70,,8967,24,,,1,33,,8961,24,,,1,71,,8959,11,,,1,30,,8962,11,,,1,68,,8960,11,,,1,30,,8963,11,,,1,79,,8964,11,,,1
1200000301,'52',753,,8968,24,,,1,70,,8972,24,,,1,31,,8974,24,,,1,71,,8976,24,,,1,31,,8969,24,,,1,72,,8973,24,,,1,31,,8975,24,,,1,71,,8977,24,,,1,71,,8970,24,,,1,31,,8981,24,,,1,71,,8971,24,,,1,31,,8978,24,,,1,71,,8979,24,,,1,30,,8982,24,,,1,70,,8984,24,,,1,30,,8986,24,,,1,70,,8980,24,,,1,31,,8983,24,,,1,71,,8985,24,,,1,27,,8987,24,,,1,68,,8988,24,,,1,29,,8989,24,,,1,27,,8990,24,,,1,67,,8992,24,,,1,75,,8991,11,,,1,100,,8993,11,,,1,56,,8994,11,,,1,98,,8995,11,,,1,78,,8996,11,,,1,102,,8997,11,,,1
1200000301,'53',823,,8998,24,,,1,31,,9000,24,,,1,71,,9003,24,,,1,31,,9005,24,,,1,72,,8999,24,,,1,31,,9001,24,,,1,71,,9004,24,,,1,71,,9006,24,,,1,31,,9008,24,,,1,71,,9002,24,,,1,31,,9010,24,,,1,71,,9007,24,,,1,30,,9009,24,,,1,70,,9012,24,,,1,30,,9011,24,,,1,70,,9015,24,,,1,31,,9017,24,,,1,71,,9013,24,,,1,27,,9019,24,,,1,68,,9016,24,,,1,29,,9018,24,,,1,27,,9014,24,,,1,67,,9020,24,,,1,75,,9021,11,,,1,121,,9022,11,,,1
2000002200,'51',658,,9109,4,0,18 19 20 1 34 35 6 21 44 46,2,90,,9111,4,0,18 19 20 1 34 35 6 21 44 46,2
2000002201,'51',1548,,9113,4,0,21 22 1 18 19 20 44 45,2,83,,9114,4,0,21 22 1 18 19 20 44 45,2,84,,9115,4,0,21 22 1 18 19 20 44 45,2,88,,9116,4,0,21 22 1 18 19 20 44 45,2,40,,9117,4,0,21 22,2
