20000,'51',856,,8323,12,,,2,69,,8321,12,,,2,26,,8320,12,,,2,69,,8322,12,,,2
5002301,'51',1547,,8486,12,,,2,85,,8484,12,,,2,68,,8483,12,,,2,118,,8485,12,,,2
5002401,'51',1548,,8492,12,,,2,85,,8490,12,,,2,67,,8491,12,,,2
5003401,'51',1629,,8495,12,,,2
5003601,'51',1545,,8498,12,,,2,83,,8499,12,,,2,24,,8500,12,,,2
5003701,'51',1546,,8507,12,,,2,107,,8506,12,,,2,162,,8508,12,,,2
5003801,'51',1629,,8510,12,,,2,93,,8509,12,,,2
5004301,'61',1625,,8514,6,0,14 1 18 19 20,2,98,,8516,6,0,14 1 18 19 20,2,94,,8515,6,0,14 1 18 19 20,2
1200000201,'51',633,,8663,12,0,29,1,15,,8661,12,0,29,1,59,,8665,12,0,29,1,10,,8671,12,0,29,1,10,,8668,12,0,29,1,10,,8660,12,0,29,1,10,,8670,12,0,29,1,59,,8673,12,0,29,1,18,,8679,12,0,29,1,15,,8659,12,0,29,1,14,,8681,12,0,29,1,54,,8664,12,0,29,1,12,,8675,12,0,29,1,12,,8662,12,0,29,1,12,,8678,12,0,29,1,15,,8666,12,0,29,1,52,,8685,12,0,29,1,17,,8684,12,0,29,1,18,,8687,12,0,29,1,14,,8683,12,0,29,1,55,,8682,12,0,29,1,15,,8688,12,0,29,1,15,,8690,12,0,29,1,15,,8691,12,0,29,1,57,,8692,12,0,29,1,15,,8686,12,0,29,1,15,,8693,12,0,29,1,55,,8694,12,0,29,1,15,,8695,12,0,29,1,16,,8696,12,0,29,1,15,,8697,12,0,29,1,55,,8689,12,0,29,1,15,,8698,12,0,29,1,14,,8700,12,0,29,1,15,,8701,12,0,29,1,56,,8702,12,0,29,1,11,,8706,12,0,29,1,11,,8699,12,0,29,1,16,,8704,12,0,29,1,16,,8709,12,0,29,1,56,,8710,12,0,29,1,18,,8712,12,0,29,1,11,,8703,12,0,29,1,13,,8714,12,0,29,1,54,,8708,12,0,29,1,15,,8716,12,0,29,1,16,,8718,12,0,29,1,10,,8720,12,0,29,1,54,,8707,12,0,29,1,13,,8713,12,0,29,1,8,,8705,12,0,29,1,8,,8721,12,0,29,1,13,,8711,12,0,29,1,14,,8715,12,0,29,1,52,,8717,12,0,29,1,14,,8722,12,0,29,1,14,,8719,12,0,29,1,20,,8723,12,0,29,1,70,,8724,12,0,29,1,72,,8726,12,0,29,1,35,,8728,12,0,29,1,69,,8730,12,0,29,1,31,,8725,12,0,29,1,68,,8727,12,0,29,1,31,,8729,12,0,29,1,86,,8731,12,0,29,1
1200000201,'52',709,,8732,12,0,29,1,30,,8740,12,0,29,1,69,,8738,12,0,29,1,31,,8736,12,0,29,1,71,,8742,12,0,29,1,31,,8733,12,0,29,1,71,,8741,12,0,29,1,30,,8739,12,0,29,1,70,,8744,12,0,29,1,30,,8743,12,0,29,1,70,,8734,12,0,29,1,32,,8747,12,0,29,1,71,,8748,12,0,29,1,30,,8745,12,0,29,1,70,,8746,12,0,29,1,31,,8751,12,0,29,1,70,,8750,12,0,29,1,29,,8749,12,0,29,1,71,,8754,12,0,29,1,32,,8756,12,0,29,1,70,,8752,12,0,29,1,28,,8759,12,0,29,1,70,,8758,12,0,29,1,27,,8755,12,0,29,1,67,,8757,12,0,29,1,28,,8762,12,0,29,1,69,,8753,12,0,29,1,31,,8760,12,0,29,1,67,,8763,12,0,29,1,28,,8765,12,0,29,1,70,,8764,12,0,29,1,30,,8768,12,0,29,1,70,,8761,12,0,29,1,29,,8766,12,0,29,1,88,,8767,12,0,29,1
1200000201,'53',808,,8770,12,0,29,1,31,,8772,12,0,29,1,71,,8774,12,0,29,1,31,,8776,12,0,29,1,71,,8778,12,0,29,1,30,,8782,12,0,29,1,70,,8780,12,0,29,1,30,,8784,12,0,29,1,70,,8781,12,0,29,1,32,,8779,12,0,29,1,71,,8783,12,0,29,1,30,,8785,12,0,29,1,70,,8777,12,0,29,1,31,,8786,12,0,29,1,70,,8788,12,0,29,1,29,,8791,12,0,29,1,71,,8793,12,0,29,1,32,,8795,12,0,29,1,70,,8787,12,0,29,1,28,,8789,12,0,29,1,70,,8792,12,0,29,1,27,,8794,12,0,29,1,67,,8796,12,0,29,1,28,,8798,12,0,29,1,69,,8797,12,0,29,1,31,,8790,12,0,29,1,67,,8799,12,0,29,1
1200000201,'69',1547,,8803,12,0,29,1,57,,8804,12,0,29,1
1200000301,'51',701,,8913,12,,,1,19,,8917,12,,,1,35,,8912,12,,,1,69,,8927,12,,,1,26,,8928,12,,,1,65,,8914,12,,,1,29,,8918,12,,,1,67,,8922,12,,,1,36,,8929,12,,,1,60,,8931,12,,,1,20,,8930,12,,,1,20,,8933,12,,,1,62,,8923,12,,,1,20,,8935,12,,,1,22,,8937,12,,,1,60,,8932,12,,,1,20,,8938,12,,,1,20,,8934,12,,,1,58,,8940,12,,,1,20,,8936,12,,,1,19,,8941,12,,,1,61,,8942,12,,,1,17,,8939,12,,,1,13,,8944,12,,,1,18,,8943,12,,,1,58,,8952,12,,,1,19,,8949,12,,,1,12,,8951,12,,,1,55,,8946,12,,,1,16,,8945,12,,,1,17,,8955,12,,,1,16,,8953,12,,,1,54,,8958,12,,,1,8,,8948,12,,,1,8,,8950,12,,,1,15,,8947,12,,,1,18,,8954,12,,,1,61,,8957,12,,,1,24,,8956,12,,,1,71,,8966,12,,,1,30,,8965,12,,,1,70,,8967,12,,,1,33,,8961,12,,,1
1200000301,'52',738,,8968,12,,,1,70,,8972,12,,,1,31,,8974,12,,,1,71,,8976,12,,,1,31,,8969,12,,,1,72,,8973,12,,,1,30,,8975,12,,,1,71,,8977,12,,,1,31,,8970,12,,,1,71,,8981,12,,,1,31,,8971,12,,,1,71,,8978,12,,,1,31,,8979,12,,,1,70,,8982,12,,,1,30,,8984,12,,,1,70,,8986,12,,,1,30,,8980,12,,,1,71,,8983,12,,,1,31,,8985,12,,,1,68,,8987,12,,,1,28,,8988,12,,,1,69,,8989,12,,,1,27,,8990,12,,,1,67,,8992,12,,,1
1200000301,'53',808,,8998,12,,,1,31,,9000,12,,,1,71,,9003,12,,,1,31,,9005,12,,,1,72,,8999,12,,,1,30,,9001,12,,,1,71,,9004,12,,,1,31,,9006,12,,,1,71,,9008,12,,,1,31,,9002,12,,,1,71,,9010,12,,,1,31,,9007,12,,,1,70,,9009,12,,,1,30,,9012,12,,,1,70,,9011,12,,,1,30,,9015,12,,,1,71,,9017,12,,,1,31,,9013,12,,,1,68,,9019,12,,,1,28,,9016,12,,,1,69,,9018,12,,,1,27,,9014,12,,,1,67,,9020,12,,,1
1200000401,'51',1635,,9031,12,,,1,69,,9034,12,,,1,25,,9035,12,,,1
