13100,'64',744,,8305,60,,,2
32501,'63',1620,,8399,22,,,2
34501,'63',1623,,8401,19,,,2
5004200,'61',656,,8511,12,,,2
1200000101,'51',1542,,8526,38,,,1,72,,8527,38,,,1,31,,8528,38,,,1,71,,8529,38,,,1
1200000200,'51',544,,8533,12,,,1,15,,8531,34,,,1,55,,8535,34,,,1,8,,8539,12,,,1,7,,8537,34,,,1,8,,8542,12,,,1,9,,8538,34,,,1,55,,8540,34,,,1,16,,8544,34,,,1,17,,8530,34,,,1,15,,8545,34,,,1,55,,8534,34,,,1,14,,8541,34,,,1,14,,8532,34,,,1,15,,8543,34,,,1,59,,8536,34,,,1,14,,8549,34,,,1,17,,8548,34,,,1,17,,8551,34,,,1,54,,8547,34,,,1,15,,8546,34,,,1,15,,8552,34,,,1,15,,8554,34,,,1,55,,8555,34,,,1,15,,8556,34,,,1,15,,8550,34,,,1,15,,8557,34,,,1,55,,8558,34,,,1,15,,8559,34,,,1,16,,8560,34,,,1,15,,8561,34,,,1,55,,8553,34,,,1,15,,8562,34,,,1,14,,8564,34,,,1,15,,8565,34,,,1,55,,8566,34,,,1,21,,8563,34,,,1,12,,8568,34,,,1,16,,8571,34,,,1,55,,8572,34,,,1,15,,8574,34,,,1,12,,8567,34,,,1,14,,8575,34,,,1,55,,8570,34,,,1,15,,8577,34,,,1,9,,8581,21,,,1,8,,8579,34,,,1,12,,8583,34,,,1,55,,8569,34,,,1,17,,8582,34,,,1,14,,8584,34,,,1,15,,8573,34,,,1,54,,8576,34,,,1,15,,8578,34,,,1,15,,8585,34,,,1,15,,8580,34,,,1,70,,8588,34,,,1,30,,8587,34,,,1,70,,8592,34,,,1,30,,8586,34,,,1,69,,8594,34,,,1,32,,8589,34,,,1,70,,8591,34,,,1,32,,8593,34,,,1,66,,8595,34,,,1,30,,8590,34,0,14,1
1200000200,'52',722,,8599,34,,,1,30,,8598,34,,,1,71,,8602,34,,,1,30,,8596,34,,,1,70,,8601,34,,,1,30,,8600,34,,,1,70,,8604,34,,,1,30,,8603,34,,,1,70,,8597,34,,,1,31,,8607,34,,,1,70,,8608,34,,,1,30,,8605,34,,,1,70,,8606,34,,,1,30,,8611,34,,,1,70,,8610,34,,,1,30,,8609,34,,,1,70,,8614,34,,,1,30,,8616,34,,,1,70,,8612,34,,,1,30,,8619,34,,,1,70,,8618,34,,,1,30,,8615,34,,,1,69,,8617,34,,,1,28,,8622,34,,,1,70,,8613,34,,,1,31,,8620,34,,,1,69,,8623,34,,,1,29,,8625,34,,,1,70,,8624,34,,,1,30,,8628,34,,,1,70,,8621,34,,,1,30,,8626,34,,,1,70,,8627,34,,,1
1200000200,'53',722,,8629,34,,,1,30,,8630,34,,,1,71,,8631,34,,,1,30,,8632,34,,,1,70,,8634,34,,,1,30,,8638,34,,,1,70,,8636,34,,,1,30,,8640,34,,,1,70,,8637,34,,,1,31,,8635,34,,,1,70,,8639,34,,,1,30,,8641,34,,,1,70,,8633,34,,,1,30,,8642,34,,,1,70,,8644,34,,,1,30,,8647,34,,,1,70,,8649,34,,,1,30,,8651,34,,,1,70,,8643,34,,,1,30,,8645,34,,,1,70,,8648,34,,,1,30,,8650,34,,,1,69,,8652,34,,,1,28,,8654,34,,,1,70,,8653,34,,,1,31,,8646,34,,,1,69,,8655,34,,,1
1200000200,'69',658,,8656,12,,,1,87,,8657,12,,,1
1200000400,'51',653,,9024,36,,,1,56,,9025,36,,,1,16,,9026,36,,,1,16,,9023,36,,,1
