13101,'65',1524,,8306,20,,,2
32500,'62',833,,8398,43,,,2
34500,'62',825,,8400,33,,,2
1200000100,'51',641,,8518,61,0,34 35 6 31,1,70,,8519,61,0,34 35 6 31,1,21,,8520,61,0,34 35 6 31,1,69,,8523,61,0,16 1 17,1,30,,8521,61,0,34 35 6 31,1
1200000201,'51',619,,8658,16,0,29,1,35,,8663,28,0,29,1,48,,8674,16,0,29,1,7,,8661,28,0,29,1,8,,8677,16,0,29,1,12,,8665,28,0,29,1,10,,8671,28,0,29,1,9,,8668,28,0,29,1,10,,8660,28,0,29,1,50,,8670,28,0,29,1,19,,8673,28,0,29,1,17,,8679,28,0,29,1,15,,8659,28,0,29,1,54,,8681,28,0,29,1,14,,8664,28,0,29,1,12,,8675,28,0,29,1,12,,8662,28,0,29,1,52,,8678,28,0,29,1,15,,8666,28,0,29,1,12,,8685,28,0,29,1,17,,8684,28,0,29,1,58,,8687,28,0,29,1,14,,8683,28,0,29,1,15,,8682,28,0,29,1,15,,8688,28,0,29,1,55,,8690,28,0,29,1,15,,8691,28,0,29,1,17,,8692,28,0,29,1,15,,8686,28,0,29,1,55,,8693,28,0,29,1,15,,8694,28,0,29,1,15,,8695,28,0,29,1,16,,8696,28,0,29,1,55,,8697,28,0,29,1,15,,8689,28,0,29,1,15,,8698,28,0,29,1,14,,8700,28,0,29,1,56,,8701,28,0,29,1,18,,8702,28,0,29,1,13,,8706,28,0,29,1,14,,8699,28,0,29,1,60,,8704,28,0,29,1,18,,8709,28,0,29,1,15,,8710,28,0,29,1,58,,8712,28,0,29,1,11,,8703,28,0,29,1,12,,8714,28,0,29,1,11,,8708,28,0,29,1,14,,8716,28,0,29,1,54,,8718,28,0,29,1,9,,8720,28,0,29,1,13,,8707,28,0,29,1,12,,8713,28,0,29,1,7,,8705,28,0,29,1,7,,8721,28,0,29,1,52,,8711,28,0,29,1,13,,8715,28,0,29,1,12,,8717,28,0,29,1,14,,8722,28,0,29,1,14,,8719,28,0,29,1,60,,8723,28,0,29,1,30,,8724,28,0,29,1,72,,8726,28,0,29,1,35,,8728,28,0,29,1,68,,8730,28,0,29,1,31,,8725,28,0,29,1,67,,8727,28,0,29,1,31,,8729,28,0,29,1,86,,8731,28,0,29,1
1200000201,'52',651,,8735,16,0,29,1,76,,8732,28,0,29,1,30,,8740,28,0,29,1,70,,8738,28,0,29,1,31,,8736,28,0,29,1,71,,8742,28,0,29,1,71,,8733,28,0,29,1,31,,8741,28,0,29,1,70,,8739,28,0,29,1,30,,8744,28,0,29,1,70,,8743,28,0,29,1,30,,8734,28,0,29,1,72,,8747,28,0,29,1,31,,8748,28,0,29,1,70,,8745,28,0,29,1,30,,8746,28,0,29,1,72,,8751,28,0,29,1,30,,8750,28,0,29,1,69,,8749,28,0,29,1,31,,8754,28,0,29,1,72,,8756,28,0,29,1,30,,8752,28,0,29,1,67,,8759,28,0,29,1,30,,8758,28,0,29,1,66,,8755,28,0,29,1,27,,8757,28,0,29,1,28,,8762,28,0,29,1,69,,8753,28,0,29,1,31,,8760,28,0,29,1,67,,8763,28,0,29,1,28,,8765,28,0,29,1,70,,8764,28,0,29,1,30,,8768,28,0,29,1,70,,8761,28,0,29,1,29,,8766,28,0,29,1,88,,8767,28,0,29,1
1200000201,'53',827,,8770,28,0,29,1,31,,8772,28,0,29,1,71,,8774,28,0,29,1,71,,8776,28,0,29,1,31,,8778,28,0,29,1,70,,8782,28,0,29,1,30,,8780,28,0,29,1,70,,8784,28,0,29,1,30,,8781,28,0,29,1,72,,8779,28,0,29,1,31,,8783,28,0,29,1,70,,8785,28,0,29,1,30,,8777,28,0,29,1,72,,8786,28,0,29,1,30,,8788,28,0,29,1,69,,8791,28,0,29,1,31,,8793,28,0,29,1,72,,8795,28,0,29,1,30,,8787,28,0,29,1,67,,8789,28,0,29,1,30,,8792,28,0,29,1,66,,8794,28,0,29,1,27,,8796,28,0,29,1,28,,8798,28,0,29,1,69,,8797,28,0,29,1,31,,8790,28,0,29,1,67,,8799,28,0,29,1
1200000201,'68',1654,,8800,22,0,29,1
1200000201,'69',1620,,8803,28,0,29,1,18,,8804,28,0,29,1
1200000401,'51',1708,,9031,28,,,1,26,,9034,28,,,1,22,,9035,28,,,1
