1500,'51',608,,7883,39,0,29,2,33,,7885,39,0,29,2,69,,7887,39,0,29,2,21,,7884,42,0,29,2,80,,7886,42,0,29,2,41,,7888,42,0,10 11,2,151,,7889,39,4,,2,100,,7890,39,4,,2,100,,7891,42,4,,2,101,,7892,38,4,,2
1500,'67',851,,7893,27,0,10 11,2
1600,'51',1400,,7909,23,4,,2,56,,7910,23,4,,2,76,,7911,23,0,29,2,26,,7913,8,0,29,2,75,,7912,26,0,29,2,77,,7916,26,0,29,2,27,,7914,26,0,29,2,99,,7917,26,4,,2,108,,7915,23,4,,2,106,,7918,23,4,,2
13900,'67',853,,8313,13,,,2
1200000201,'51',629,,8658,26,0,29,1,75,,8663,38,0,29,1,9,,8674,26,0,29,1,7,,8661,38,0,29,1,8,,8677,26,0,29,1,12,,8665,38,0,29,1,10,,8671,38,0,29,1,9,,8668,38,0,29,1,49,,8660,38,0,29,1,10,,8670,38,0,29,1,19,,8673,38,0,29,1,17,,8679,38,0,29,1,55,,8659,38,0,29,1,14,,8681,38,0,29,1,14,,8664,38,0,29,1,12,,8675,38,0,29,1,52,,8662,38,0,29,1,12,,8678,38,0,29,1,15,,8666,38,0,29,1,12,,8685,38,0,29,1,17,,8684,38,0,29,1,58,,8687,38,0,29,1,14,,8683,38,0,29,1,15,,8682,38,0,29,1,15,,8688,38,0,29,1,55,,8690,38,0,29,1,15,,8691,38,0,29,1,18,,8692,38,0,29,1,55,,8686,38,0,29,1,15,,8693,38,0,29,1,14,,8694,38,0,29,1,15,,8695,38,0,29,1,56,,8696,38,0,29,1,15,,8697,38,0,29,1,15,,8689,38,0,29,1,16,,8698,38,0,29,1,54,,8700,38,0,29,1,16,,8701,38,0,29,1,18,,8702,38,0,29,1,13,,8706,38,0,29,1,54,,8699,38,0,29,1,20,,8704,38,0,29,1,18,,8709,38,0,29,1,15,,8710,38,0,29,1,58,,8712,38,0,29,1,11,,8703,38,0,29,1,11,,8714,38,0,29,1,11,,8708,38,0,29,1,54,,8716,38,0,29,1,14,,8718,38,0,29,1,9,,8720,38,0,29,1,13,,8707,38,0,29,1,12,,8713,38,0,29,1,7,,8705,38,0,29,1,47,,8721,38,0,29,1,12,,8711,38,0,29,1,13,,8715,38,0,29,1,12,,8717,38,0,29,1,14,,8722,38,0,29,1,54,,8719,38,0,29,1,20,,8723,38,0,29,1,29,,8724,38,0,29,1,72,,8726,38,0,29,1,75,,8728,38,0,29,1,28,,8730,38,0,29,1,71,,8725,38,0,29,1,27,,8727,38,0,29,1,71,,8729,38,0,29,1,46,,8731,38,0,29,1
1200000201,'52',700,,8735,26,0,29,1,36,,8732,38,0,29,1,70,,8740,38,0,29,1,30,,8738,38,0,29,1,72,,8736,38,0,29,1,31,,8742,38,0,29,1,70,,8733,38,0,29,1,31,,8741,38,0,29,1,71,,8739,38,0,29,1,30,,8744,38,0,29,1,70,,8743,38,0,29,1,30,,8734,38,0,29,1,72,,8747,38,0,29,1,31,,8748,38,0,29,1,70,,8745,38,0,29,1,30,,8746,38,0,29,1,72,,8751,38,0,29,1,30,,8750,38,0,29,1,69,,8749,38,0,29,1,31,,8754,38,0,29,1,72,,8756,38,0,29,1,30,,8752,38,0,29,1,66,,8759,38,0,29,1,30,,8758,38,0,29,1,66,,8755,38,0,29,1,27,,8757,38,0,29,1,68,,8762,38,0,29,1,29,,8753,38,0,29,1,71,,8760,38,0,29,1,27,,8763,38,0,29,1,68,,8765,38,0,29,1,30,,8764,38,0,29,1,70,,8768,38,0,29,1,30,,8761,38,0,29,1,29,,8766,38,0,29,1,88,,8767,38,0,29,1
1200000201,'53',836,,8770,38,0,29,1,72,,8772,38,0,29,1,31,,8774,38,0,29,1,70,,8776,38,0,29,1,31,,8778,38,0,29,1,71,,8782,38,0,29,1,30,,8780,38,0,29,1,70,,8784,38,0,29,1,30,,8781,38,0,29,1,72,,8779,38,0,29,1,31,,8783,38,0,29,1,70,,8785,38,0,29,1,30,,8777,38,0,29,1,72,,8786,38,0,29,1,30,,8788,38,0,29,1,69,,8791,38,0,29,1,31,,8793,38,0,29,1,72,,8795,38,0,29,1,30,,8787,38,0,29,1,66,,8789,38,0,29,1,30,,8792,38,0,29,1,66,,8794,38,0,29,1,27,,8796,38,0,29,1,68,,8798,38,0,29,1,29,,8797,38,0,29,1,71,,8790,38,0,29,1,27,,8799,38,0,29,1
1200000201,'68',1705,,8800,32,0,29,1
1200000201,'69',1631,,8803,38,0,29,1,18,,8804,38,0,29,1
1200000401,'51',1719,,9031,38,,,1,25,,9034,38,,,1,62,,9035,38,,,1
2000001500,'52',756,,9066,39,4,,2,101,,9067,38,4,,2,100,,9068,38,4,,2,94,,9069,38,4,,2,149,,9070,38,4,,2,101,,9071,38,4,,2,151,,9072,39,4,,2,102,,9073,38,4,,2,96,,9074,38,4,,2,106,,9075,38,4,,2,96,,9076,38,4,,2
2000001500,'53',857,,9077,39,4,,2,100,,9078,38,4,,2,94,,9079,38,4,,2,149,,9080,38,4,,2,101,,9081,38,4,,2,151,,9082,39,4,,2,102,,9083,38,4,,2,96,,9084,38,4,,2,106,,9085,38,4,,2,96,,9086,38,4,,2
