3101,'51',606,,8077,37,,,2,29,,8079,37,,,2,67,,8078,69,,,2,34,,8080,69,,,2,102,,8081,69,,,2,105,,8082,69,,,2,100,,8083,69,,,2,100,,8084,69,,,2,104,,8086,69,,,2,102,,8085,69,,,2,101,,8087,69,,,2,101,,8088,69,,,2,97,,8089,69,,,2,71,,8093,69,,,2,30,,8090,69,,,2,73,,8091,69,,,2,29,,8094,69,,,2,68,,8092,69,,,2,32,,8095,69,,,2
3800,'51',807,,8238,38,,,2,105,,8237,38,,,2,98,,8236,38,,,2,102,,8239,38,,,2,113,,8240,38,,,2,102,,8241,38,,,2,102,,8242,38,,,2,109,,8243,45,,,2,116,,8244,38,,,2,72,,8245,38,,,2,174,,8246,38,,,2,57,,8247,38,,,2,96,,8248,38,,,2,101,,8249,38,,,2,99,,8250,38,,,2
3800,'52',736,,8251,38,,,2,100,,8252,38,,,2,103,,8253,38,,,2,101,,8254,38,,,2,100,,8255,38,,,2,116,,8256,38,,,2,100,,8257,38,,,2,102,,8258,38,,,2,100,,8259,38,,,2,142,,8260,38,,,2,100,,8261,38,,,2,58,,8265,38,,,2,96,,8266,38,,,2,100,,8262,38,,,2,97,,8263,38,,,2,101,,8264,38,,,2
3800,'53',836,,8267,38,,,2,103,,8268,38,,,2,101,,8269,38,,,2,100,,8270,38,,,2,116,,8271,38,,,2,100,,8272,38,,,2,102,,8273,38,,,2,100,,8274,38,,,2,142,,8275,38,,,2,100,,8276,38,,,2,58,,8277,38,,,2,96,,8278,38,,,2
3900,'51',633,,8280,13,,,2,79,,8281,13,,,2,30,,8279,13,,,2
38000,'51',1651,,8409,9,,,2,84,,8410,9,,,2,84,,8411,9,,,2
38100,'64',721,,8415,30,,,2
5003801,'51',1723,,8510,69,,,2,88,,8509,69,,,2
2000003101,'52',709,,9118,38,,,2,100,,9119,70,,,2,102,,9120,70,,,2,102,,9121,70,,,2,100,,9122,70,,,2,100,,9123,70,,,2,102,,9124,70,,,2,201,,9125,70,,,2,101,,9126,70,,,2,100,,9127,70,,,2,101,,9128,70,,,2
2000003101,'53',809,,9130,38,,,2,102,,9131,70,,,2,102,,9132,70,,,2,100,,9133,70,,,2,100,,9134,70,,,2,102,,9135,70,,,2,201,,9136,70,,,2,101,,9137,70,,,2,100,,9138,70,,,2,101,,9139,70,,,2
