3101,'51',611,,8077,44,,,2,30,,8079,44,,,2,68,,8078,76,,,2,34,,8080,76,,,2,100,,8081,76,,,2,105,,8082,76,,,2,100,,8083,76,,,2,100,,8084,76,,,2,104,,8086,76,,,2,102,,8085,76,,,2,101,,8087,76,,,2,101,,8088,76,,,2,97,,8089,76,,,2,71,,8093,76,,,2,30,,8090,76,,,2,73,,8091,76,,,2,29,,8094,76,,,2,68,,8092,76,,,2,32,,8095,76,,,2
3701,'51',556,,8188,37,,,2,188,,8189,44,0,32 1 33,2,102,,8190,44,,,2,102,,8191,44,,,2,98,,8192,44,,,2,102,,8193,44,,,2,153,,8194,44,,,2,102,,8195,44,,,2,102,,8196,44,,,2,116,,8197,44,,,2,181,,8198,44,,,2,31,,8199,44,,,2,100,,8200,44,,,2,97,,8201,44,,,2,97,,8202,44,,,2,101,,8203,44,,,2,100,,8204,44,,,2,25,,8205,44,,,2
3701,'52',711,,8206,44,,,2,100,,8207,44,,,2,101,,8208,44,,,2,102,,8209,44,,,2,101,,8210,44,,,2,116,,8211,44,,,2,100,,8212,44,,,2,102,,8213,44,,,2,100,,8214,44,,,2,100,,8215,44,,,2,102,,8216,44,,,2,98,,8222,44,,,2,98,,8223,44,,,2,96,,8217,44,,,2,100,,8218,44,,,2,101,,8219,44,,,2,98,,8220,44,,,2,25,,8221,44,,,2
3701,'53',811,,8224,44,,,2,101,,8225,44,,,2,102,,8226,44,,,2,101,,8227,44,,,2,116,,8228,44,,,2,100,,8229,44,,,2,102,,8230,44,,,2,100,,8231,44,,,2,100,,8232,44,,,2,102,,8233,44,,,2,98,,8234,44,,,2,98,,8235,44,,,2
3800,'51',812,,8238,45,,,2,105,,8237,45,,,2,98,,8236,45,,,2,102,,8239,45,,,2,113,,8240,45,,,2,102,,8241,45,,,2,102,,8242,45,,,2,109,,8243,52,,,2,116,,8244,45,,,2,72,,8245,45,,,2,174,,8246,45,,,2,97,,8247,45,,,2,56,,8248,45,,,2,101,,8249,45,,,2,99,,8250,45,,,2
3800,'52',741,,8251,45,,,2,100,,8252,45,,,2,103,,8253,45,,,2,101,,8254,45,,,2,100,,8255,45,,,2,156,,8256,45,,,2,100,,8257,45,,,2,102,,8258,45,,,2,100,,8259,45,,,2,102,,8260,45,,,2,100,,8261,45,,,2,98,,8265,45,,,2,56,,8266,45,,,2,100,,8262,45,,,2,97,,8263,45,,,2,101,,8264,45,,,2
3800,'53',841,,8267,45,,,2,103,,8268,45,,,2,101,,8269,45,,,2,100,,8270,45,,,2,156,,8271,45,,,2,100,,8272,45,,,2,102,,8273,45,,,2,100,,8274,45,,,2,102,,8275,45,,,2,100,,8276,45,,,2,98,,8277,45,,,2,56,,8278,45,,,2
3900,'51',647,,8280,28,,,2,79,,8281,28,,,2,30,,8279,28,,,2
24100,'64',730,,8386,13,4,,2
24200,'64',733,,8388,15,4,,2
31100,'64',750,,8392,55,,,2
35100,'64',732,,8403,40,,,2
38100,'64',736,,8415,46,,,2
5003700,'51',638,,8501,55,,,2,15,,8502,48,,,2,75,,8504,48,,,2,31,,8505,48,,,2,73,,8503,55,,,2
5003701,'51',1648,,8507,77,,,2,104,,8506,77,,,2,154,,8508,77,,,2
5003801,'51',1728,,8510,76,,,2,88,,8509,76,,,2
2000003101,'52',714,,9118,45,,,2,100,,9119,77,,,2,102,,9120,77,,,2,102,,9121,77,,,2,100,,9122,77,,,2,100,,9123,77,,,2,102,,9124,77,,,2,201,,9125,77,,,2,101,,9126,77,,,2,100,,9127,77,,,2,101,,9128,77,,,2
2000003101,'53',814,,9130,45,,,2,102,,9131,77,,,2,102,,9132,77,,,2,100,,9133,77,,,2,100,,9134,77,,,2,102,,9135,77,,,2,201,,9136,77,,,2,101,,9137,77,,,2,100,,9138,77,,,2,101,,9139,77,,,2
