1100,'51',613,,7809,12,,,1,25,,7806,85,,,1,75,,7810,85,,,1,30,,7807,85,,,1,74,,7811,85,,,1,30,,7808,85,,,1,58,,7812,85,,,1,29,,7814,85,,,1,74,,7813,85,,,1,30,,7815,85,,,1,75,,7818,85,,,1,30,,7816,85,,,1,74,,7819,85,,,1,30,,7817,85,,,1,77,,7820,85,,,1,30,,7821,85,,,1,88,,7822,85,,,1,71,,7824,85,,,1,36,,7823,85,,,1,72,,7825,85,,,1,81,,7827,86,,,1,22,,7826,85,,,1,21,,7829,85,,,1,66,,7828,85,,,1,34,,7830,85,,,1,68,,7832,85,,,1,30,,7831,85,,,1,100,,7833,85,,,1,100,,7834,85,,,1,99,,7835,85,,,1,100,,7836,85,,,1
1100,'52',743,,7837,85,,,1,102,,7838,85,,,1,99,,7839,85,,,1,102,,7840,85,,,1,100,,7841,85,,,1,100,,7842,85,,,1,102,,7843,85,,,1,99,,7844,85,,,1,100,,7845,85,,,1,99,,7846,85,,,1,99,,7847,85,,,1,99,,7848,85,,,1,98,,7849,85,,,1,100,,7850,85,,,1,100,,7852,85,,,1,100,,7853,85,,,1,100,,7851,85,,,1
1100,'53',944,,7854,85,,,1,102,,7855,85,,,1,100,,7856,85,,,1,100,,7857,85,,,1,102,,7858,85,,,1,99,,7859,85,,,1,100,,7860,85,,,1,99,,7861,85,,,1,99,,7862,85,,,1,99,,7863,85,,,1
13801,'63',1613,,8312,9,,,2
34501,'63',1612,,8401,9,,,2
5004200,'61',648,,8511,2,,,2
1200000101,'51',1531,,8526,28,,,1,71,,8527,28,,,1,30,,8528,28,,,1,73,,8529,28,,,1
1200000200,'51',536,,8533,2,,,1,15,,8531,24,,,1,55,,8535,24,,,1,8,,8539,2,,,1,7,,8537,24,,,1,7,,8542,2,,,1,9,,8538,24,,,1,15,,8540,24,,,1,55,,8544,24,,,1,17,,8530,24,,,1,15,,8545,24,,,1,16,,8534,24,,,1,54,,8541,24,,,1,14,,8532,24,,,1,15,,8543,24,,,1,19,,8536,24,,,1,54,,8549,24,,,1,17,,8548,24,,,1,17,,8551,24,,,1,14,,8547,24,,,1,55,,8546,24,,,1,15,,8552,24,,,1,15,,8554,24,,,1,15,,8555,24,,,1,55,,8556,24,,,1,15,,8550,24,,,1,15,,8557,24,,,1,15,,8558,24,,,1,55,,8559,24,,,1,16,,8560,24,,,1,15,,8561,24,,,1,55,,8553,24,,,1,15,,8562,24,,,1,14,,8564,24,,,1,15,,8565,24,,,1,15,,8566,24,,,1,61,,8563,24,,,1,12,,8568,24,,,1,15,,8571,24,,,1,55,,8572,24,,,1,15,,8574,24,,,1,12,,8567,24,,,1,14,,8575,24,,,1,15,,8570,24,,,1,54,,8577,24,,,1,8,,8581,11,,,1,8,,8579,24,,,1,14,,8583,24,,,1,15,,8569,24,,,1,57,,8582,24,,,1,15,,8584,24,,,1,15,,8573,24,,,1,15,,8576,24,,,1,55,,8578,24,,,1,15,,8585,24,,,1,15,,8580,24,,,1,70,,8588,24,,,1,30,,8587,24,,,1,70,,8592,24,,,1,30,,8586,24,,,1,69,,8594,24,,,1,32,,8589,24,,,1,70,,8591,24,,,1,32,,8593,24,,,1,66,,8595,24,,,1,30,,8590,24,0,14,1
1200000200,'52',714,,8599,24,,,1,30,,8598,24,,,1,70,,8602,24,,,1,30,,8596,24,,,1,70,,8601,24,,,1,30,,8600,24,,,1,70,,8604,24,,,1,30,,8603,24,,,1,70,,8597,24,,,1,30,,8607,24,,,1,70,,8608,24,,,1,30,,8605,24,,,1,70,,8606,24,,,1,30,,8611,24,,,1,70,,8610,24,,,1,30,,8609,24,,,1,70,,8614,24,,,1,30,,8616,24,,,1,70,,8612,24,,,1,30,,8619,24,,,1,70,,8618,24,,,1,31,,8615,24,,,1,69,,8617,24,,,1,29,,8622,24,,,1,70,,8613,24,,,1,31,,8620,24,,,1,69,,8623,24,,,1,29,,8625,24,,,1,70,,8624,24,,,1,30,,8628,24,,,1,70,,8621,24,,,1,30,,8626,24,,,1,70,,8627,24,,,1
1200000200,'53',714,,8629,24,,,1,30,,8630,24,,,1,70,,8631,24,,,1,30,,8632,24,,,1,70,,8634,24,,,1,30,,8638,24,,,1,70,,8636,24,,,1,30,,8640,24,,,1,70,,8637,24,,,1,30,,8635,24,,,1,70,,8639,24,,,1,30,,8641,24,,,1,70,,8633,24,,,1,30,,8642,24,,,1,70,,8644,24,,,1,30,,8647,24,,,1,70,,8649,24,,,1,30,,8651,24,,,1,70,,8643,24,,,1,30,,8645,24,,,1,70,,8648,24,,,1,31,,8650,24,,,1,69,,8652,24,,,1,29,,8654,24,,,1,70,,8653,24,,,1,31,,8646,24,,,1,69,,8655,24,,,1
1200000200,'69',649,,8656,2,,,1,86,,8657,2,,,1
1200000400,'51',644,,9024,26,,,1,15,,9025,26,,,1,56,,9026,26,,,1,16,,9023,26,,,1
