13100,'64',745,,8305,62,,,2
32501,'63',1622,,8399,24,,,2
34501,'63',1624,,8401,21,,,2
5004200,'61',658,,8511,14,,,2
1200000101,'51',1544,,8526,40,,,1,72,,8527,40,,,1,31,,8528,40,,,1,71,,8529,40,,,1
1200000200,'51',545,,8533,14,,,1,55,,8531,36,,,1,15,,8535,36,,,1,8,,8539,14,,,1,8,,8537,36,,,1,8,,8542,14,,,1,9,,8538,36,,,1,55,,8540,36,,,1,16,,8544,36,,,1,17,,8530,36,,,1,15,,8545,36,,,1,55,,8534,36,,,1,14,,8541,36,,,1,14,,8532,36,,,1,15,,8543,36,,,1,59,,8536,36,,,1,13,,8549,36,,,1,17,,8548,36,,,1,17,,8551,36,,,1,54,,8547,36,,,1,15,,8546,36,,,1,15,,8552,36,,,1,15,,8554,36,,,1,55,,8555,36,,,1,15,,8556,36,,,1,15,,8550,36,,,1,15,,8557,36,,,1,55,,8558,36,,,1,15,,8559,36,,,1,16,,8560,36,,,1,15,,8561,36,,,1,55,,8553,36,,,1,15,,8562,36,,,1,14,,8564,36,,,1,15,,8565,36,,,1,55,,8566,36,,,1,21,,8563,36,,,1,12,,8568,36,,,1,16,,8571,36,,,1,55,,8572,36,,,1,16,,8574,36,,,1,12,,8567,36,,,1,14,,8575,36,,,1,55,,8570,36,,,1,15,,8577,36,,,1,8,,8581,23,,,1,8,,8579,36,,,1,13,,8583,36,,,1,55,,8569,36,,,1,17,,8582,36,,,1,14,,8584,36,,,1,14,,8573,36,,,1,54,,8576,36,,,1,15,,8578,36,,,1,15,,8585,36,,,1,15,,8580,36,,,1,70,,8588,36,,,1,30,,8587,36,,,1,70,,8592,36,,,1,30,,8586,36,,,1,69,,8594,36,,,1,32,,8589,36,,,1,70,,8591,36,,,1,32,,8593,36,,,1,66,,8595,36,,,1,30,,8590,36,0,14,1
1200000200,'52',723,,8599,36,,,1,30,,8598,36,,,1,71,,8602,36,,,1,30,,8596,36,,,1,70,,8601,36,,,1,30,,8600,36,,,1,70,,8604,36,,,1,30,,8603,36,,,1,70,,8597,36,,,1,31,,8607,36,,,1,70,,8608,36,,,1,30,,8605,36,,,1,70,,8606,36,,,1,31,,8611,36,,,1,70,,8610,36,,,1,29,,8609,36,,,1,70,,8614,36,,,1,30,,8616,36,,,1,70,,8612,36,,,1,30,,8619,36,,,1,70,,8618,36,,,1,30,,8615,36,,,1,69,,8617,36,,,1,28,,8622,36,,,1,70,,8613,36,,,1,31,,8620,36,,,1,69,,8623,36,,,1,29,,8625,36,,,1,70,,8624,36,,,1,30,,8628,36,,,1,70,,8621,36,,,1,30,,8626,36,,,1,70,,8627,36,,,1
1200000200,'53',723,,8629,36,,,1,30,,8630,36,,,1,71,,8631,36,,,1,30,,8632,36,,,1,70,,8634,36,,,1,30,,8638,36,,,1,70,,8636,36,,,1,30,,8640,36,,,1,70,,8637,36,,,1,31,,8635,36,,,1,70,,8639,36,,,1,30,,8641,36,,,1,70,,8633,36,,,1,31,,8642,36,,,1,70,,8644,36,,,1,29,,8647,36,,,1,70,,8649,36,,,1,30,,8651,36,,,1,70,,8643,36,,,1,30,,8645,36,,,1,70,,8648,36,,,1,30,,8650,36,,,1,69,,8652,36,,,1,28,,8654,36,,,1,70,,8653,36,,,1,31,,8646,36,,,1,69,,8655,36,,,1
1200000200,'69',700,,8656,14,,,1,47,,8657,14,,,1
1200000400,'51',655,,9024,38,,,1,56,,9025,38,,,1,16,,9026,38,,,1,16,,9023,38,,,1
