3101,'51',630,,8078,18,,,2,74,,8080,18,,,2,102,,8081,18,,,2,105,,8082,18,,,2,100,,8083,18,,,2,100,,8084,18,,,2,104,,8086,18,,,2,102,,8085,18,,,2,101,,8087,18,,,2,101,,8088,18,,,2,97,,8089,18,,,2,31,,8093,18,,,2,70,,8090,18,,,2,33,,8091,18,,,2,69,,8094,18,,,2,28,,8092,18,,,2,72,,8095,18,,,2,295,,8096,18,0,8,2
3701,'51',542,,8188,11,,,2,185,,8189,18,0,32 1 33,2,105,,8190,18,,,2,102,,8191,18,,,2,98,,8192,18,,,2,102,,8193,18,,,2,113,,8194,18,,,2,102,,8195,18,,,2,102,,8196,18,,,2,156,,8197,18,,,2,141,,8198,18,,,2,71,,8199,18,,,2,101,,8200,18,,,2,97,,8201,18,,,2,97,,8202,18,,,2,101,,8203,18,,,2,100,,8204,18,,,2,28,,8205,18,,,2
3701,'52',657,,8206,18,,,2,100,,8207,18,,,2,101,,8208,18,,,2,142,,8209,18,,,2,101,,8210,18,,,2,116,,8211,18,,,2,100,,8212,18,,,2,102,,8213,18,,,2,100,,8214,18,,,2,100,,8215,18,,,2,102,,8216,18,,,2,98,,8222,18,,,2,98,,8223,18,,,2,96,,8217,18,,,2,100,,8218,18,,,2,101,,8219,18,,,2,98,,8220,18,,,2,28,,8221,18,,,2
3701,'53',757,,8224,18,,,2,101,,8225,18,,,2,142,,8226,18,,,2,101,,8227,18,,,2,116,,8228,18,,,2,100,,8229,18,,,2,102,,8230,18,,,2,100,,8231,18,,,2,100,,8232,18,,,2,102,,8233,18,,,2,98,,8234,18,,,2,98,,8235,18,,,2
31101,'65',1530,,8393,27,,,2
38101,'65',1536,,8416,35,,,2
38501,'63',1653,,8418,21,,,2
5003700,'51',615,,8501,18,,,2,21,,8502,18,,,2,75,,8504,18,,,2,31,,8505,18,,,2,68,,8503,18,,,2
5003701,'51',1629,,8507,40,,,2,104,,8506,40,,,2,114,,8508,40,,,2
2000003101,'52',737,,9119,18,,,2,102,,9120,18,,,2,102,,9121,18,,,2,100,,9122,18,,,2,100,,9123,18,,,2,102,,9124,18,,,2,201,,9125,18,,,2,101,,9126,18,,,2,100,,9127,18,,,2,101,,9128,18,,,2,98,,9129,18,0,8,2
2000003101,'53',839,,9131,18,,,2,102,,9132,18,,,2,100,,9133,18,,,2,100,,9134,18,,,2,102,,9135,18,,,2,201,,9136,18,,,2,101,,9137,18,,,2,100,,9138,18,,,2,101,,9139,18,,,2,98,,9140,18,0,8,2
