11500,'62',845,,8293,28,4,,2
12500,'62',845,,8297,25,4,,2
12600,'62',850,,8299,19,4,,2
12700,'62',851,,8301,16,4,,2
12701,'63',1607,,8302,2,,,2
13500,'62',845,,8307,23,4,,2
13600,'62',845,,8308,21,4,,2
13601,'63',1612,,8309,2,,,2
13800,'62',845,,8311,26,4,,2
15500,'62',845,,8315,30,4,,2
15600,'62',845,,8316,33,4,,2
22500,'62',850,,8374,43,4,,2
22501,'63',1616,,8375,2,,,2
23500,'62',848,,8382,60,4,,2
23600,'62',848,,8384,40,4,,2
24500,'62',849,,8390,33,4,,2
32500,'62',850,,8398,63,4,,2
34500,'62',845,,8400,51,4,,2
35500,'62',848,,8405,54,4,,2
37500,'62',848,,8407,41,4,,2
38500,'62',845,,8417,39,4,,2
