13100,'64',744,,8305,61,,,2
32501,'63',1621,,8399,23,,,2
34501,'63',1623,,8401,20,,,2
5004200,'61',657,,8511,13,,,2
1200000101,'51',1543,,8526,39,,,1,72,,8527,39,,,1,31,,8528,39,,,1,71,,8529,39,,,1
1200000200,'51',545,,8533,13,,,1,55,,8531,35,,,1,15,,8535,35,,,1,8,,8539,13,,,1,7,,8537,35,,,1,8,,8542,13,,,1,9,,8538,35,,,1,55,,8540,35,,,1,16,,8544,35,,,1,17,,8530,35,,,1,15,,8545,35,,,1,55,,8534,35,,,1,14,,8541,35,,,1,14,,8532,35,,,1,15,,8543,35,,,1,59,,8536,35,,,1,14,,8549,35,,,1,17,,8548,35,,,1,17,,8551,35,,,1,54,,8547,35,,,1,15,,8546,35,,,1,15,,8552,35,,,1,15,,8554,35,,,1,55,,8555,35,,,1,15,,8556,35,,,1,15,,8550,35,,,1,15,,8557,35,,,1,55,,8558,35,,,1,15,,8559,35,,,1,16,,8560,35,,,1,15,,8561,35,,,1,55,,8553,35,,,1,15,,8562,35,,,1,14,,8564,35,,,1,15,,8565,35,,,1,55,,8566,35,,,1,21,,8563,35,,,1,12,,8568,35,,,1,16,,8571,35,,,1,55,,8572,35,,,1,15,,8574,35,,,1,12,,8567,35,,,1,14,,8575,35,,,1,55,,8570,35,,,1,15,,8577,35,,,1,8,,8581,22,,,1,8,,8579,35,,,1,13,,8583,35,,,1,55,,8569,35,,,1,17,,8582,35,,,1,14,,8584,35,,,1,15,,8573,35,,,1,54,,8576,35,,,1,15,,8578,35,,,1,15,,8585,35,,,1,15,,8580,35,,,1,70,,8588,35,,,1,30,,8587,35,,,1,70,,8592,35,,,1,30,,8586,35,,,1,69,,8594,35,,,1,32,,8589,35,,,1,70,,8591,35,,,1,32,,8593,35,,,1,66,,8595,35,,,1,30,,8590,35,0,14,1
1200000200,'52',723,,8599,35,,,1,30,,8598,35,,,1,71,,8602,35,,,1,30,,8596,35,,,1,70,,8601,35,,,1,30,,8600,35,,,1,70,,8604,35,,,1,30,,8603,35,,,1,70,,8597,35,,,1,31,,8607,35,,,1,70,,8608,35,,,1,30,,8605,35,,,1,70,,8606,35,,,1,30,,8611,35,,,1,70,,8610,35,,,1,30,,8609,35,,,1,70,,8614,35,,,1,30,,8616,35,,,1,70,,8612,35,,,1,30,,8619,35,,,1,70,,8618,35,,,1,30,,8615,35,,,1,69,,8617,35,,,1,28,,8622,35,,,1,70,,8613,35,,,1,31,,8620,35,,,1,69,,8623,35,,,1,29,,8625,35,,,1,70,,8624,35,,,1,30,,8628,35,,,1,70,,8621,35,,,1,30,,8626,35,,,1,70,,8627,35,,,1
1200000200,'53',723,,8629,35,,,1,30,,8630,35,,,1,71,,8631,35,,,1,30,,8632,35,,,1,70,,8634,35,,,1,30,,8638,35,,,1,70,,8636,35,,,1,30,,8640,35,,,1,70,,8637,35,,,1,31,,8635,35,,,1,70,,8639,35,,,1,30,,8641,35,,,1,70,,8633,35,,,1,30,,8642,35,,,1,70,,8644,35,,,1,30,,8647,35,,,1,70,,8649,35,,,1,30,,8651,35,,,1,70,,8643,35,,,1,30,,8645,35,,,1,70,,8648,35,,,1,30,,8650,35,,,1,69,,8652,35,,,1,28,,8654,35,,,1,70,,8653,35,,,1,31,,8646,35,,,1,69,,8655,35,,,1
1200000200,'69',659,,8656,13,,,1,87,,8657,13,,,1
1200000400,'51',654,,9024,37,,,1,56,,9025,37,,,1,16,,9026,37,,,1,16,,9023,37,,,1
