13101,'65',1522,,8306,17,,,2
32500,'62',830,,8398,40,,,2
34500,'62',823,,8400,30,,,2
1200000100,'51',638,,8518,58,0,34 35 6 31,1,70,,8519,58,0,34 35 6 31,1,21,,8520,58,0,34 35 6 31,1,30,,8523,58,0,16 1 17,1,70,,8521,58,0,34 35 6 31,1
1200000201,'51',616,,8658,13,0,29,1,35,,8663,25,0,29,1,8,,8674,13,0,29,1,47,,8661,25,0,29,1,8,,8677,13,0,29,1,12,,8665,25,0,29,1,10,,8671,25,0,29,1,10,,8668,25,0,29,1,10,,8660,25,0,29,1,50,,8670,25,0,29,1,19,,8673,25,0,29,1,17,,8679,25,0,29,1,15,,8659,25,0,29,1,54,,8681,25,0,29,1,14,,8664,25,0,29,1,12,,8675,25,0,29,1,12,,8662,25,0,29,1,52,,8678,25,0,29,1,15,,8666,25,0,29,1,12,,8685,25,0,29,1,17,,8684,25,0,29,1,58,,8687,25,0,29,1,14,,8683,25,0,29,1,15,,8682,25,0,29,1,15,,8688,25,0,29,1,55,,8690,25,0,29,1,15,,8691,25,0,29,1,17,,8692,25,0,29,1,15,,8686,25,0,29,1,55,,8693,25,0,29,1,15,,8694,25,0,29,1,15,,8695,25,0,29,1,16,,8696,25,0,29,1,55,,8697,25,0,29,1,15,,8689,25,0,29,1,15,,8698,25,0,29,1,14,,8700,25,0,29,1,55,,8701,25,0,29,1,18,,8702,25,0,29,1,13,,8706,25,0,29,1,14,,8699,25,0,29,1,60,,8704,25,0,29,1,18,,8709,25,0,29,1,15,,8710,25,0,29,1,58,,8712,25,0,29,1,11,,8703,25,0,29,1,12,,8714,25,0,29,1,12,,8708,25,0,29,1,14,,8716,25,0,29,1,54,,8718,25,0,29,1,9,,8720,25,0,29,1,13,,8707,25,0,29,1,12,,8713,25,0,29,1,7,,8705,25,0,29,1,7,,8721,25,0,29,1,52,,8711,25,0,29,1,13,,8715,25,0,29,1,12,,8717,25,0,29,1,14,,8722,25,0,29,1,14,,8719,25,0,29,1,60,,8723,25,0,29,1,30,,8724,25,0,29,1,72,,8726,25,0,29,1,35,,8728,25,0,29,1,68,,8730,25,0,29,1,31,,8725,25,0,29,1,67,,8727,25,0,29,1,31,,8729,25,0,29,1,86,,8731,25,0,29,1
1200000201,'52',649,,8735,13,0,29,1,76,,8732,25,0,29,1,30,,8740,25,0,29,1,70,,8738,25,0,29,1,31,,8736,25,0,29,1,71,,8742,25,0,29,1,31,,8733,25,0,29,1,71,,8741,25,0,29,1,30,,8739,25,0,29,1,70,,8744,25,0,29,1,30,,8743,25,0,29,1,70,,8734,25,0,29,1,72,,8747,25,0,29,1,31,,8748,25,0,29,1,70,,8745,25,0,29,1,30,,8746,25,0,29,1,72,,8751,25,0,29,1,30,,8750,25,0,29,1,69,,8749,25,0,29,1,31,,8754,25,0,29,1,72,,8756,25,0,29,1,30,,8752,25,0,29,1,67,,8759,25,0,29,1,30,,8758,25,0,29,1,26,,8755,25,0,29,1,67,,8757,25,0,29,1,28,,8762,25,0,29,1,69,,8753,25,0,29,1,31,,8760,25,0,29,1,67,,8763,25,0,29,1,28,,8765,25,0,29,1,70,,8764,25,0,29,1,30,,8768,25,0,29,1,70,,8761,25,0,29,1,29,,8766,25,0,29,1,88,,8767,25,0,29,1
1200000201,'53',825,,8770,25,0,29,1,31,,8772,25,0,29,1,71,,8774,25,0,29,1,31,,8776,25,0,29,1,71,,8778,25,0,29,1,30,,8782,25,0,29,1,70,,8780,25,0,29,1,30,,8784,25,0,29,1,70,,8781,25,0,29,1,72,,8779,25,0,29,1,31,,8783,25,0,29,1,70,,8785,25,0,29,1,30,,8777,25,0,29,1,72,,8786,25,0,29,1,30,,8788,25,0,29,1,69,,8791,25,0,29,1,31,,8793,25,0,29,1,72,,8795,25,0,29,1,30,,8787,25,0,29,1,67,,8789,25,0,29,1,30,,8792,25,0,29,1,26,,8794,25,0,29,1,67,,8796,25,0,29,1,28,,8798,25,0,29,1,69,,8797,25,0,29,1,31,,8790,25,0,29,1,67,,8799,25,0,29,1
1200000201,'68',1651,,8800,19,0,29,1
1200000201,'69',1617,,8803,25,0,29,1,18,,8804,25,0,29,1
1200000401,'51',1705,,9031,25,,,1,27,,9034,25,,,1,22,,9035,25,,,1
