20000,'51',841,,8323,5,,,2,70,,8321,5,,,2,27,,8320,5,,,2,69,,8322,5,,,2
5002300,'51',704,,8479,64,4,,2,34,,8481,64,4,,2,69,,8482,64,4,,2,30,,8480,64,4,,2
5002301,'51',1531,,8486,5,,,2,81,,8484,5,,,2,29,,8483,5,,,2,163,,8485,5,,,2
5002400,'51',738,,8489,40,4,,2,67,,8487,40,4,,2,30,,8488,40,4,,2
5002401,'51',1532,,8492,5,,,2,81,,8490,5,,,2,29,,8491,5,,,2
5003400,'51',710,,8494,42,4,,2,24,,8493,42,4,,2
5003401,'51',1609,,8495,5,,,2
5003601,'51',1529,,8498,5,,,2,79,,8499,5,,,2,25,,8500,5,,,2
5003700,'51',733,,8502,70,4,,2,77,,8504,70,4,,2,30,,8505,70,4,,2,67,,8503,77,4,,2
5003701,'51',1529,,8507,5,,,2,105,,8506,5,,,2,167,,8508,5,,,2
5003801,'51',1609,,8510,5,,,2,96,,8509,5,,,2
1200000201,'51',621,,8663,5,0,29,1,15,,8661,5,0,29,1,19,,8665,5,0,29,1,50,,8671,5,0,29,1,9,,8668,5,0,29,1,3,,8676,5,4,,1,6,,8660,5,0,29,1,10,,8670,5,0,29,1,18,,8673,5,0,29,1,58,,8679,5,0,29,1,15,,8659,5,0,29,1,14,,8681,5,0,29,1,15,,8664,5,0,29,1,52,,8675,5,0,29,1,12,,8662,5,0,29,1,13,,8678,5,0,29,1,15,,8666,5,0,29,1,12,,8685,5,0,29,1,57,,8684,5,0,29,1,18,,8687,5,0,29,1,14,,8683,5,0,29,1,55,,8682,5,0,29,1,15,,8688,5,0,29,1,15,,8690,5,0,29,1,15,,8691,5,0,29,1,55,,8692,5,0,29,1,15,,8686,5,0,29,1,15,,8693,5,0,29,1,15,,8694,5,0,29,1,55,,8695,5,0,29,1,16,,8696,5,0,29,1,15,,8697,5,0,29,1,15,,8689,5,0,29,1,55,,8698,5,0,29,1,14,,8700,5,0,29,1,15,,8701,5,0,29,1,15,,8702,5,0,29,1,11,,8706,5,0,29,1,51,,8699,5,0,29,1,15,,8704,5,0,29,1,15,,8709,5,0,29,1,15,,8710,5,0,29,1,57,,8712,5,0,29,1,11,,8703,5,0,29,1,14,,8714,5,0,29,1,15,,8708,5,0,29,1,56,,8716,5,0,29,1,17,,8718,5,0,29,1,11,,8720,5,0,29,1,15,,8707,5,0,29,1,53,,8713,5,0,29,1,8,,8705,5,0,29,1,8,,8721,5,0,29,1,13,,8711,5,0,29,1,14,,8715,5,0,29,1,14,,8717,5,0,29,1,54,,8722,5,0,29,1,14,,8719,5,0,29,1,20,,8723,5,0,29,1,70,,8724,5,0,29,1,32,,8726,5,0,29,1,76,,8728,5,0,29,1,30,,8730,5,0,29,1,71,,8725,5,0,29,1,28,,8727,5,0,29,1,71,,8729,5,0,29,1,86,,8731,5,0,29,1
1200000201,'52',659,,8732,5,0,29,1,70,,8740,5,0,29,1,29,,8738,5,0,29,1,71,,8736,5,0,29,1,71,,8742,5,0,29,1,30,,8733,5,0,29,1,70,,8741,5,0,29,1,30,,8739,5,0,29,1,70,,8744,5,0,29,1,30,,8743,5,0,29,1,70,,8734,5,0,29,1,32,,8747,5,0,29,1,70,,8748,5,0,29,1,30,,8745,5,0,29,1,70,,8746,5,0,29,1,31,,8751,5,0,29,1,70,,8750,5,0,29,1,29,,8749,5,0,29,1,70,,8754,5,0,29,1,32,,8756,5,0,29,1,70,,8752,5,0,29,1,30,,8759,5,0,29,1,70,,8758,5,0,29,1,28,,8755,5,0,29,1,27,,8757,5,0,29,1,68,,8762,5,0,29,1,29,,8753,5,0,29,1,71,,8760,5,0,29,1,27,,8763,5,0,29,1,68,,8765,5,0,29,1,31,,8764,5,0,29,1,70,,8768,5,0,29,1,30,,8761,5,0,29,1,69,,8766,5,0,29,1,88,,8767,5,0,29,1
1200000201,'53',758,,8770,5,0,29,1,71,,8772,5,0,29,1,71,,8774,5,0,29,1,30,,8776,5,0,29,1,70,,8778,5,0,29,1,30,,8782,5,0,29,1,70,,8780,5,0,29,1,30,,8784,5,0,29,1,70,,8781,5,0,29,1,32,,8779,5,0,29,1,70,,8783,5,0,29,1,30,,8785,5,0,29,1,70,,8777,5,0,29,1,31,,8786,5,0,29,1,70,,8788,5,0,29,1,29,,8791,5,0,29,1,70,,8793,5,0,29,1,32,,8795,5,0,29,1,70,,8787,5,0,29,1,30,,8789,5,0,29,1,70,,8792,5,0,29,1,28,,8794,5,0,29,1,27,,8796,5,0,29,1,68,,8798,5,0,29,1,29,,8797,5,0,29,1,71,,8790,5,0,29,1,27,,8799,5,0,29,1
1200000201,'69',742,,8801,5,4,,1,87,,8802,5,4,,1,701,,8803,5,0,29,1,16,,8804,5,0,29,1
1200000301,'51',649,,8913,5,,,1,59,,8917,5,,,1,13,,8919,5,4,,1,13,,8924,5,4,,1,7,,8912,5,,,1,3,,8916,5,4,,1,10,,8925,5,4,,1,50,,8926,5,4,,1,5,,8927,5,,,1,4,,8921,5,4,,1,22,,8928,5,,,1,66,,8914,5,,,1,30,,8918,5,,,1,27,,8922,5,,,1,76,,8929,5,,,1,20,,8931,5,,,1,60,,8930,5,,,1,20,,8933,5,,,1,20,,8923,5,,,1,60,,8935,5,,,1,22,,8937,5,,,1,20,,8932,5,,,1,60,,8938,5,,,1,20,,8934,5,,,1,18,,8940,5,,,1,60,,8936,5,,,1,19,,8941,5,,,1,20,,8942,5,,,1,57,,8939,5,,,1,12,,8944,5,,,1,18,,8943,5,,,1,15,,8952,5,,,1,59,,8949,5,,,1,13,,8951,5,,,1,16,,8946,5,,,1,57,,8945,5,,,1,18,,8955,5,,,1,17,,8953,5,,,1,15,,8958,5,,,1,8,,8948,5,,,1,48,,8950,5,,,1,15,,8947,5,,,1,18,,8954,5,,,1,63,,8957,5,,,1,24,,8956,5,,,1,31,,8966,5,,,1,70,,8965,5,,,1,30,,8967,5,,,1,74,,8961,5,,,1
1200000301,'52',728,,8968,5,,,1,30,,8972,5,,,1,71,,8974,5,,,1,71,,8976,5,,,1,30,,8969,5,,,1,71,,8973,5,,,1,30,,8975,5,,,1,71,,8977,5,,,1,31,,8970,5,,,1,71,,8981,5,,,1,31,,8971,5,,,1,70,,8978,5,,,1,31,,8979,5,,,1,70,,8982,5,,,1,30,,8984,5,,,1,70,,8986,5,,,1,30,,8980,5,,,1,70,,8983,5,,,1,31,,8985,5,,,1,68,,8987,5,,,1,30,,8988,5,,,1,69,,8989,5,,,1,28,,8990,5,,,1,27,,8992,5,,,1
1200000301,'53',758,,8998,5,,,1,71,,9000,5,,,1,71,,9003,5,,,1,30,,9005,5,,,1,71,,8999,5,,,1,30,,9001,5,,,1,71,,9004,5,,,1,31,,9006,5,,,1,71,,9008,5,,,1,31,,9002,5,,,1,70,,9010,5,,,1,31,,9007,5,,,1,70,,9009,5,,,1,30,,9012,5,,,1,70,,9011,5,,,1,30,,9015,5,,,1,70,,9017,5,,,1,31,,9013,5,,,1,68,,9019,5,,,1,30,,9016,5,,,1,69,,9018,5,,,1,28,,9014,5,,,1,27,,9020,5,,,1
1200000401,'51',736,,9028,5,4,,1,18,,9029,5,4,,1,56,,9030,5,4,,1,15,,9027,5,4,,1,790,,9031,5,,,1,31,,9034,5,,,1,67,,9035,5,,,1
