1300,'51',640,,7864,29,,,2,70,,7867,29,,,2,20,,7866,29,,,2,83,,7868,29,,,2,41,,7865,29,,,2,750,,7869,29,,,2,98,,7872,29,,,2,13,,7870,29,,,2,40,,7873,29,,,2,65,,7871,29,,,2
1300,'67',857,,7874,24,,,2
1500,'51',854,,7888,43,0,10 11,2
1500,'67',853,,7893,28,0,10 11,2
11900,'67',855,,8295,40,,,2
12900,'67',850,,8303,21,,,2
13900,'67',854,,8313,14,,,2
15800,'67',852,,8318,21,,,2
22500,'62',841,,8374,33,4,,2
23500,'62',839,,8382,50,4,,2
23600,'62',839,,8384,30,4,,2
24500,'62',840,,8390,23,4,,2
35500,'62',839,,8405,44,4,,2
37500,'62',839,,8407,31,4,,2
38500,'62',836,,8417,29,4,,2
1001101,'51',608,,8427,22,,,1,30,,8424,22,,,1,70,,8428,22,,,1,33,,8425,22,,,1,64,,8421,22,,,1,41,,8426,22,,,1,83,,8430,22,,,1,30,,8429,22,,,1,75,,8431,22,,,1,70,,8435,22,,,1,35,,8432,22,,,1,70,,8436,22,,,1,33,,8433,22,,,1,70,,8440,22,,,1,37,,8434,22,,,1,70,,8442,22,,,1,88,,8437,22,,,1,31,,8438,22,,,1,84,,8441,22,,,1,26,,8439,22,,,1,63,,8443,22,,,1,27,,8445,22,,,1,74,,8444,22,,,1,29,,8446,22,,,1,71,,8447,22,,,1,100,,8448,22,,,1,99,,8449,22,,,1,100,,8450,22,,,1
1001101,'52',808,,8453,22,,,1,102,,8454,22,,,1,101,,8455,22,,,1,100,,8456,22,,,1,98,,8457,22,,,1,100,,8460,22,,,1,102,,8458,22,,,1,100,,8459,22,,,1,99,,8461,22,,,1,100,,8462,22,,,1,100,,8463,22,,,1,100,,8464,22,,,1,99,,8465,22,,,1,100,,8466,22,,,1,100,,8467,22,,,1
1001101,'53',1011,,8472,22,,,1,100,,8469,22,,,1,98,,8470,22,,,1,100,,8473,22,,,1,102,,8474,22,,,1,100,,8475,22,,,1,99,,8476,22,,,1,100,,8477,22,,,1,100,,8478,22,,,1
