3101,'51',621,,8078,2,,,2,34,,8080,2,,,2,102,,8081,2,,,2,145,,8082,2,,,2,100,,8083,2,,,2,100,,8084,2,,,2,104,,8086,2,,,2,102,,8085,2,,,2,101,,8087,2,,,2,100,,8088,2,,,2,97,,8089,2,,,2,31,,8093,2,,,2,71,,8090,2,,,2,33,,8091,2,,,2,69,,8094,2,,,2,28,,8092,2,,,2,72,,8095,2,,,2,295,,8096,2,0,8,2
3701,'51',717,,8189,2,0,32 1 33,2,105,,8190,2,,,2,102,,8191,2,,,2,98,,8192,2,,,2,102,,8193,2,,,2,113,,8194,2,,,2,102,,8195,2,,,2,102,,8196,2,,,2,115,,8197,2,,,2,182,,8198,2,,,2,71,,8199,2,,,2,101,,8200,2,,,2,97,,8201,2,,,2,97,,8202,2,,,2,101,,8203,2,,,2,100,,8204,2,,,2,28,,8205,2,,,2
3701,'52',648,,8206,2,,,2,100,,8207,2,,,2,101,,8208,2,,,2,102,,8209,2,,,2,101,,8210,2,,,2,156,,8211,2,,,2,100,,8212,2,,,2,102,,8213,2,,,2,100,,8214,2,,,2,100,,8215,2,,,2,102,,8216,2,,,2,98,,8222,2,,,2,98,,8223,2,,,2,96,,8217,2,,,2,100,,8218,2,,,2,101,,8219,2,,,2,98,,8220,2,,,2,28,,8221,2,,,2
3701,'53',748,,8224,2,,,2,101,,8225,2,,,2,102,,8226,2,,,2,101,,8227,2,,,2,156,,8228,2,,,2,100,,8229,2,,,2,102,,8230,2,,,2,100,,8231,2,,,2,100,,8232,2,,,2,102,,8233,2,,,2,98,,8234,2,,,2,98,,8235,2,,,2
3800,'51',747,,8238,2,,,2,106,,8237,2,,,2,98,,8236,2,,,2,102,,8239,2,,,2,153,,8240,2,,,2,102,,8241,2,,,2,102,,8242,2,,,2,107,,8243,9,,,2,117,,8244,2,,,2,74,,8245,2,,,2,134,,8246,2,,,2,97,,8247,2,,,2,96,,8248,2,,,2,101,,8249,2,,,2,99,,8250,2,,,2
3800,'52',718,,8251,2,,,2,100,,8252,2,,,2,103,,8253,2,,,2,101,,8254,2,,,2,100,,8255,2,,,2,116,,8256,2,,,2,100,,8257,2,,,2,102,,8258,2,,,2,100,,8259,2,,,2,102,,8260,2,,,2,100,,8261,2,,,2,98,,8265,2,,,2,96,,8266,2,,,2,100,,8262,2,,,2,97,,8263,2,,,2,101,,8264,2,,,2
3800,'53',818,,8267,2,,,2,103,,8268,2,,,2,101,,8269,2,,,2,100,,8270,2,,,2,116,,8271,2,,,2,100,,8272,2,,,2,102,,8273,2,,,2,100,,8274,2,,,2,102,,8275,2,,,2,100,,8276,2,,,2,98,,8277,2,,,2,96,,8278,2,,,2
3901,'51',1623,,8282,2,,,2,85,,8283,2,,,2,45,,8284,2,,,2
24101,'65',1513,,8387,9,,,2
24201,'65',1513,,8389,9,,,2
31101,'65',1517,,8393,9,,,2
35101,'65',1517,,8404,9,,,2
38101,'65',1517,,8416,9,,,2
5003700,'51',605,,8501,2,,,2,20,,8502,2,,,2,75,,8504,2,,,2,31,,8505,2,,,2,28,,8503,2,,,2
5003701,'51',1613,,8507,22,,,2,106,,8506,22,,,2,114,,8508,22,,,2
5003801,'51',1656,,8510,22,,,2,89,,8509,22,,,2
2000003101,'52',729,,9119,2,,,2,102,,9120,2,,,2,102,,9121,2,,,2,100,,9122,2,,,2,100,,9123,2,,,2,102,,9124,2,,,2,201,,9125,2,,,2,101,,9126,2,,,2,100,,9127,2,,,2,101,,9128,2,,,2,98,,9129,2,0,8,2
2000003101,'53',831,,9131,2,,,2,102,,9132,2,,,2,100,,9133,2,,,2,100,,9134,2,,,2,102,,9135,2,,,2,201,,9136,2,,,2,101,,9137,2,,,2,100,,9138,2,,,2,101,,9139,2,,,2,98,,9140,2,0,8,2
