3101,'51',609,,8077,41,,,2,29,,8079,41,,,2,68,,8078,73,,,2,34,,8080,73,,,2,101,,8081,73,,,2,105,,8082,73,,,2,100,,8083,73,,,2,100,,8084,73,,,2,104,,8086,73,,,2,102,,8085,73,,,2,101,,8087,73,,,2,101,,8088,73,,,2,97,,8089,73,,,2,71,,8093,73,,,2,30,,8090,73,,,2,73,,8091,73,,,2,29,,8094,73,,,2,68,,8092,73,,,2,32,,8095,73,,,2
3701,'51',554,,8188,34,,,2,187,,8189,41,0,32 1 33,2,103,,8190,41,,,2,102,,8191,41,,,2,98,,8192,41,,,2,102,,8193,41,,,2,113,,8194,41,,,2,142,,8195,41,,,2,102,,8196,41,,,2,116,,8197,41,,,2,181,,8198,41,,,2,31,,8199,41,,,2,100,,8200,41,,,2,97,,8201,41,,,2,97,,8202,41,,,2,101,,8203,41,,,2,100,,8204,41,,,2,25,,8205,41,,,2
3701,'52',709,,8206,41,,,2,100,,8207,41,,,2,101,,8208,41,,,2,102,,8209,41,,,2,101,,8210,41,,,2,116,,8211,41,,,2,100,,8212,41,,,2,102,,8213,41,,,2,100,,8214,41,,,2,100,,8215,41,,,2,102,,8216,41,,,2,98,,8222,41,,,2,98,,8223,41,,,2,96,,8217,41,,,2,100,,8218,41,,,2,101,,8219,41,,,2,98,,8220,41,,,2,25,,8221,41,,,2
3701,'53',809,,8224,41,,,2,101,,8225,41,,,2,102,,8226,41,,,2,101,,8227,41,,,2,116,,8228,41,,,2,100,,8229,41,,,2,102,,8230,41,,,2,100,,8231,41,,,2,100,,8232,41,,,2,102,,8233,41,,,2,98,,8234,41,,,2,98,,8235,41,,,2
3800,'51',810,,8238,42,,,2,105,,8237,42,,,2,98,,8236,42,,,2,102,,8239,42,,,2,113,,8240,42,,,2,102,,8241,42,,,2,102,,8242,42,,,2,109,,8243,49,,,2,116,,8244,42,,,2,72,,8245,42,,,2,174,,8246,42,,,2,97,,8247,42,,,2,56,,8248,42,,,2,101,,8249,42,,,2,99,,8250,42,,,2
3800,'52',739,,8251,42,,,2,100,,8252,42,,,2,103,,8253,42,,,2,101,,8254,42,,,2,100,,8255,42,,,2,116,,8256,42,,,2,100,,8257,42,,,2,142,,8258,42,,,2,100,,8259,42,,,2,102,,8260,42,,,2,100,,8261,42,,,2,98,,8265,42,,,2,56,,8266,42,,,2,100,,8262,42,,,2,97,,8263,42,,,2,101,,8264,42,,,2
3800,'53',839,,8267,42,,,2,103,,8268,42,,,2,101,,8269,42,,,2,100,,8270,42,,,2,116,,8271,42,,,2,100,,8272,42,,,2,142,,8273,42,,,2,100,,8274,42,,,2,102,,8275,42,,,2,100,,8276,42,,,2,98,,8277,42,,,2,56,,8278,42,,,2
3900,'51',644,,8280,25,,,2,79,,8281,25,,,2,30,,8279,25,,,2
31100,'64',747,,8392,52,,,2
35100,'64',729,,8403,37,,,2
35500,'62',825,,8405,38,0,38 1 7 37,2
37500,'62',825,,8407,25,,,2
38000,'51',1654,,8409,13,,,2,84,,8410,13,,,2,84,,8411,13,,,2
38100,'64',733,,8415,43,,,2
38500,'62',822,,8417,23,,,2
5003700,'51',635,,8501,52,,,2,15,,8502,45,,,2,75,,8504,45,,,2,31,,8505,45,,,2,74,,8503,52,,,2
5003701,'51',1647,,8507,74,,,2,104,,8506,74,,,2,154,,8508,74,,,2
5003801,'51',1726,,8510,73,,,2,88,,8509,73,,,2
2000003101,'52',712,,9118,42,,,2,100,,9119,74,,,2,102,,9120,74,,,2,102,,9121,74,,,2,100,,9122,74,,,2,100,,9123,74,,,2,102,,9124,74,,,2,201,,9125,74,,,2,101,,9126,74,,,2,100,,9127,74,,,2,101,,9128,74,,,2
2000003101,'53',812,,9130,42,,,2,102,,9131,74,,,2,102,,9132,74,,,2,100,,9133,74,,,2,100,,9134,74,,,2,102,,9135,74,,,2,201,,9136,74,,,2,101,,9137,74,,,2,100,,9138,74,,,2,101,,9139,74,,,2
