2300,'51',549,,7994,2,,,2,273,,7997,2,0,14 1 15,2,33,,7976,2,,,2,76,,7979,2,,,2,70,,7977,2,,,2,31,,7980,2,,,2,70,,7978,2,,,2,30,,7981,2,,,2,78,,7983,2,,,2,30,,7982,2,,,2,70,,7984,2,,,2,30,,7986,2,,,2,72,,7985,2,,,2,33,,7987,2,,,2,70,,7996,2,,,2,116,,7998,2,,,2,75,,7995,2,,,2,28,,7988,2,,,2,73,,7990,2,,,2,27,,7989,2,,,2,78,,7991,2,,,2,102,,7992,2,,,2,95,,7993,2,,,2
2300,'52',627,,7999,2,,,2,100,,8000,2,,,2,101,,8001,2,,,2,101,,8002,2,,,2,101,,8003,2,,,2,101,,8004,2,,,2,101,,8005,2,,,2,107,,8006,2,,,2,100,,8007,2,,,2,100,,8008,2,,,2,101,,8009,2,,,2,88,,8010,2,,,2
2300,'53',727,,8011,2,,,2,101,,8012,2,,,2,101,,8013,2,,,2,101,,8014,2,,,2,101,,8015,2,,,2,101,,8016,2,,,2,107,,8017,2,,,2,100,,8018,2,,,2,100,,8019,2,,,2,101,,8020,2,,,2,88,,8021,2,,,2
2301,'51',1208,,8026,50,,,2,305,,8044,50,,,2,42,,8042,50,,,2,663,,8040,50,,,2
2301,'52',1224,,8052,50,,,2,599,,8058,50,,,2
2301,'53',1224,,8063,50,,,2,599,,8069,50,,,2
23100,'64',705,,8378,14,,,2
23101,'65',1545,,8379,61,,,2
23500,'62',758,,8382,14,,,2
23501,'63',1702,,8383,35,,,2
5002300,'51',613,,8479,2,,,2,25,,8481,2,,,2,69,,8482,2,,,2,31,,8480,2,,,2
5002301,'51',1742,,8483,60,,,2,109,,8485,60,,,2
