3400,'51',610,,8098,13,,,2,114,,8099,15,,,2,77,,8097,13,,,2,36,,8100,15,0,24 1 15,2,677,,8101,4,,,2,41,,8103,13,,,2,104,,8102,15,,,2,69,,8104,15,,,2,88,,8105,15,,,2
3800,'51',1515,,8243,6,,,2
22101,'65',1512,,8371,6,,,2
22201,'65',1512,,8373,6,,,2
23101,'65',1512,,8379,6,,,2
23201,'65',1512,,8381,6,,,2
24101,'65',1511,,8387,6,,,2
24201,'65',1511,,8389,6,,,2
31101,'65',1514,,8393,6,,,2
32501,'63',1626,,8399,31,,,2
35101,'65',1514,,8404,6,,,2
38101,'65',1514,,8416,6,,,2
5003400,'51',633,,8494,13,,,2,22,,8493,13,,,2
2000003400,'52',718,,9141,13,,,2,84,,9142,15,,,2,47,,9143,15,,,2,86,,9144,15,,,2,84,,9145,15,,,2,86,,9146,15,,,2,45,,9147,15,,,2,87,,9148,15,,,2,171,,9149,15,,,2,43,,9150,15,,,2,87,,9151,15,,,2,83,,9152,15,,,2,90,,9153,15,,,2,42,,9154,15,,,2,84,,9155,15,,,2
2000003400,'53',800,,9156,13,,,2,49,,9157,15,,,2,86,,9158,15,,,2,84,,9159,15,,,2,86,,9160,15,,,2,45,,9161,15,,,2,87,,9162,15,,,2,171,,9163,15,,,2,43,,9164,15,,,2,87,,9165,15,,,2,83,,9166,15,,,2,90,,9167,15,,,2,42,,9168,15,,,2,84,,9169,15,,,2
