20001,'51',1455,,8330,17,4,,2,72,,8331,17,4,,2
20001,'52',641,,8332,17,4,,2,70,,8334,17,4,,2
5002300,'51',653,,8479,56,4,,2,72,,8481,56,4,,2,29,,8482,56,4,,2,70,,8480,56,4,,2
5002400,'51',725,,8489,32,4,,2,27,,8487,32,4,,2,70,,8488,32,4,,2
5003400,'51',658,,8494,34,4,,2,63,,8493,34,4,,2
5003600,'51',720,,8496,22,4,,2,27,,8497,17,4,,2
5003700,'51',703,,8501,69,4,,2,17,,8502,62,4,,2,37,,8504,62,4,,2,70,,8505,62,4,,2,29,,8503,69,4,,2
5004200,'61',725,,8511,29,4,,2
5004300,'61',714,,8512,9,4,,2,115,,8513,9,4,,2
1200000200,'51',603,,8533,29,4,,1,15,,8531,51,4,,1,19,,8535,51,4,,1,10,,8539,29,4,,1,9,,8537,51,4,,1,48,,8542,29,4,,1,9,,8538,51,4,,1,18,,8540,51,4,,1,18,,8544,51,4,,1,55,,8530,51,4,,1,15,,8545,51,4,,1,15,,8534,51,4,,1,13,,8541,51,4,,1,12,,8532,51,4,,1,53,,8543,51,4,,1,15,,8536,51,4,,1,12,,8549,51,4,,1,17,,8548,51,4,,1,57,,8551,51,4,,1,14,,8547,51,4,,1,15,,8546,51,4,,1,15,,8552,51,4,,1,55,,8554,51,4,,1,15,,8555,51,4,,1,15,,8556,51,4,,1,15,,8550,51,4,,1,55,,8557,51,4,,1,15,,8558,51,4,,1,15,,8559,51,4,,1,16,,8560,51,4,,1,55,,8561,51,4,,1,15,,8553,51,4,,1,15,,8562,51,4,,1,14,,8564,51,4,,1,55,,8565,51,4,,1,15,,8566,51,4,,1,22,,8563,51,4,,1,52,,8568,51,4,,1,16,,8571,51,4,,1,15,,8572,51,4,,1,16,,8574,51,4,,1,52,,8567,51,4,,1,14,,8575,51,4,,1,15,,8570,51,4,,1,16,,8577,51,4,,1,9,,8581,38,4,,1,48,,8579,51,4,,1,12,,8583,51,4,,1,15,,8569,51,4,,1,15,,8582,51,4,,1,14,,8584,51,4,,1,54,,8573,51,4,,1,14,,8576,51,4,,1,15,,8578,51,4,,1,15,,8585,51,4,,1,54,,8580,51,4,,1,30,,8588,51,4,,1,70,,8587,51,4,,1,30,,8592,51,4,,1,70,,8586,51,4,,1,29,,8594,51,4,,1,72,,8589,51,4,,1,29,,8591,51,4,,1,72,,8593,51,4,,1,26,,8595,51,4,,1
1200000200,'52',740,,8599,51,4,,1,70,,8598,51,4,,1,31,,8602,51,4,,1,70,,8596,51,4,,1,30,,8601,51,4,,1,71,,8600,51,4,,1,30,,8604,51,4,,1,70,,8603,51,4,,1,30,,8597,51,4,,1,72,,8607,51,4,,1,30,,8608,51,4,,1,70,,8605,51,4,,1,30,,8606,51,4,,1,71,,8611,51,4,,1,30,,8610,51,4,,1,69,,8609,51,4,,1,30,,8614,51,4,,1,70,,8616,51,4,,1,30,,8612,51,4,,1,70,,8619,51,4,,1,30,,8618,51,4,,1,69,,8615,51,4,,1,28,,8617,51,4,,1,68,,8622,51,4,,1,30,,8613,51,4,,1,71,,8620,51,4,,1,29,,8623,51,4,,1,69,,8625,51,4,,1,30,,8624,51,4,,1,70,,8628,51,4,,1,30,,8621,51,4,,1,70,,8626,51,4,,1,30,,8627,51,4,,1
1200000200,'53',740,,8629,51,4,,1,70,,8630,51,4,,1,31,,8631,51,4,,1,70,,8632,51,4,,1,30,,8634,51,4,,1,71,,8638,51,4,,1,30,,8636,51,4,,1,70,,8640,51,4,,1,30,,8637,51,4,,1,72,,8635,51,4,,1,30,,8639,51,4,,1,70,,8641,51,4,,1,30,,8633,51,4,,1,71,,8642,51,4,,1,30,,8644,51,4,,1,69,,8647,51,4,,1,30,,8649,51,4,,1,70,,8651,51,4,,1,30,,8643,51,4,,1,70,,8645,51,4,,1,30,,8648,51,4,,1,69,,8650,51,4,,1,28,,8652,51,4,,1,68,,8654,51,4,,1,30,,8653,51,4,,1,71,,8646,51,4,,1,29,,8655,51,4,,1
1200000200,'69',728,,8656,29,4,,1,87,,8657,29,4,,1
1200000300,'51',631,,8806,47,4,,1,18,,8809,47,4,,1,58,,8811,47,4,,1,13,,8815,47,4,,1,10,,8808,47,4,,1,10,,8816,47,4,,1,10,,8817,47,4,,1,9,,8812,47,4,,1,55,,8820,47,4,,1,14,,8822,47,4,,1,15,,8807,47,4,,1,16,,8818,49,4,,1,54,,8810,49,4,,1,13,,8805,49,4,,1,14,,8813,49,4,,1,15,,8819,49,4,,1,60,,8821,49,4,,1,20,,8824,49,4,,1,20,,8823,49,4,,1,60,,8826,49,4,,1,20,,8814,49,4,,1,20,,8828,49,4,,1,62,,8830,49,4,,1,20,,8825,49,4,,1,20,,8831,49,4,,1,60,,8827,49,4,,1,18,,8833,49,4,,1,20,,8829,49,4,,1,59,,8834,49,4,,1,20,,8836,49,4,,1,19,,8832,49,4,,1,65,,8838,49,4,,1,31,,8840,51,4,,1,68,,8835,51,4,,1,29,,8837,51,4,,1,71,,8841,51,4,,1,30,,8839,51,4,,1,73,,8842,51,4,,1,24,,8844,49,4,,1,65,,8843,49,4,,1,21,,8850,49,4,,1,70,,8852,49,4,,1,32,,8853,49,4,,1,73,,8855,49,4,,1
1200000300,'52',711,,8856,49,4,,1,30,,8860,49,4,,1,70,,8862,49,4,,1,31,,8864,49,4,,1,70,,8857,49,4,,1,31,,8861,49,4,,1,70,,8863,49,4,,1,31,,8865,49,4,,1,71,,8858,49,4,,1,31,,8869,49,4,,1,71,,8859,49,4,,1,30,,8866,49,4,,1,71,,8867,49,4,,1,30,,8870,49,4,,1,70,,8872,49,4,,1,30,,8874,49,4,,1,70,,8868,49,4,,1,30,,8871,49,4,,1,69,,8873,49,4,,1,28,,8875,49,4,,1,70,,8876,49,4,,1,30,,8878,49,4,,1,69,,8879,49,4,,1,30,,8881,49,4,,1
1200000300,'53',741,,8886,49,4,,1,70,,8888,49,4,,1,31,,8891,49,4,,1,70,,8893,49,4,,1,31,,8887,49,4,,1,70,,8889,49,4,,1,31,,8892,49,4,,1,71,,8894,49,4,,1,31,,8896,49,4,,1,71,,8890,49,4,,1,30,,8898,49,4,,1,71,,8895,49,4,,1,30,,8897,49,4,,1,70,,8900,49,4,,1,30,,8899,49,4,,1,70,,8904,49,4,,1,30,,8907,49,4,,1,69,,8901,49,4,,1,28,,8909,49,4,,1,70,,8905,49,4,,1,30,,8908,49,4,,1,69,,8902,49,4,,1,30,,8910,49,4,,1
1200000400,'51',722,,9024,53,4,,1,18,,9025,53,4,,1,16,,9026,53,4,,1,55,,9023,53,4,,1
