2301,'51',623,,8041,7,,,2,30,,8045,7,,,2,150,,8046,7,,,2,38,,8023,7,,,2,72,,8027,7,,,2,29,,8024,7,,,2,75,,8028,7,,,2,31,,8025,7,,,2,70,,8029,7,,,2,30,,8026,7,,,2,70,,8030,7,,,2,31,,8031,7,,,2,70,,8033,7,,,2,30,,8032,7,,,2,70,,8034,7,,,2,34,,8044,7,,,2,82,,8042,7,,,2,106,,8043,11,,,2,104,,8036,7,,,2,69,,8035,7,,,2,38,,8037,7,,,2,102,,8038,7,,,2,90,,8039,7,,,2,114,,8040,7,,,2
2301,'52',659,,8047,7,,,2,100,,8048,7,,,2,141,,8049,7,,,2,101,,8050,7,,,2,101,,8051,7,,,2,101,,8052,7,,,2,101,,8053,7,,,2,100,,8054,7,,,2,100,,8055,7,,,2,100,,8056,7,,,2,101,,8057,7,,,2,97,,8058,7,,,2
2301,'53',759,,8059,7,,,2,141,,8060,7,,,2,101,,8061,7,,,2,101,,8062,7,,,2,101,,8063,7,,,2,101,,8064,7,,,2,100,,8065,7,,,2,100,,8066,7,,,2,100,,8067,7,,,2,101,,8068,7,,,2,97,,8069,7,,,2
2301,'68',1641,,8070,11,,,2
22101,'65',1525,,8371,20,,,2
22201,'65',1525,,8373,19,,,2
22500,'62',759,,8374,4,,,2
23101,'65',1524,,8379,20,,,2
5002301,'51',1607,,8486,17,,,2,46,,8484,17,,,2,67,,8483,17,,,2,110,,8485,17,,,2
5002401,'51',1608,,8492,17,,,2,46,,8490,17,,,2,66,,8491,17,,,2
5004301,'61',1648,,8514,12,0,14 1 18 19 20,2,95,,8516,12,0,14 1 18 19 20,2,89,,8515,12,0,14 1 18 19 20,2
1200000101,'51',1600,,8526,58,,,1,32,,8527,58,,,1,71,,8528,58,,,1,31,,8529,58,,,1
1200000301,'51',610,,8915,7,,,1,28,,8920,7,,,1,75,,8913,20,,,1,20,,8917,20,,,1,75,,8912,20,,,1,29,,8927,20,,,1,65,,8928,20,,,1,25,,8914,20,,,1,29,,8918,20,,,1,67,,8922,20,,,1,36,,8929,20,,,1,60,,8931,20,,,1,20,,8930,20,,,1,20,,8933,20,,,1,63,,8923,20,,,1,20,,8935,20,,,1,62,,8937,20,,,1,19,,8932,20,,,1,20,,8938,20,,,1,60,,8934,20,,,1,18,,8940,20,,,1,20,,8936,20,,,1,59,,8941,20,,,1,24,,8942,20,,,1,17,,8939,17,,,1,16,,8944,17,,,1,61,,8943,17,,,1,18,,8952,17,,,1,19,,8949,17,,,1,52,,8951,17,,,1,14,,8946,17,,,1,14,,8945,17,,,1,16,,8955,17,,,1,54,,8953,17,,,1,12,,8958,17,,,1,8,,8948,17,,,1,7,,8950,17,,,1,13,,8947,17,,,1,56,,8954,17,,,1,24,,8957,20,,,1,24,,8956,20,,,1,71,,8966,20,,,1,30,,8965,20,,,1,70,,8967,20,,,1,33,,8961,20,,,1,72,,8959,7,,,1,30,,8962,7,,,1,68,,8960,7,,,1,30,,8963,7,,,1,79,,8964,7,,,1
1200000301,'52',749,,8968,20,,,1,70,,8972,20,,,1,31,,8974,20,,,1,71,,8976,20,,,1,31,,8969,20,,,1,72,,8973,20,,,1,31,,8975,20,,,1,71,,8977,20,,,1,31,,8970,20,,,1,71,,8981,20,,,1,31,,8971,20,,,1,71,,8978,20,,,1,71,,8979,20,,,1,30,,8982,20,,,1,70,,8984,20,,,1,30,,8986,20,,,1,70,,8980,20,,,1,31,,8983,20,,,1,71,,8985,20,,,1,27,,8987,20,,,1,28,,8988,20,,,1,69,,8989,20,,,1,27,,8990,20,,,1,67,,8992,20,,,1,35,,8991,7,,,1,100,,8993,7,,,1,96,,8994,7,,,1,99,,8995,7,,,1,78,,8996,7,,,1,102,,8997,7,,,1
1200000301,'53',819,,8998,20,,,1,31,,9000,20,,,1,71,,9003,20,,,1,31,,9005,20,,,1,72,,8999,20,,,1,31,,9001,20,,,1,71,,9004,20,,,1,31,,9006,20,,,1,71,,9008,20,,,1,31,,9002,20,,,1,71,,9010,20,,,1,71,,9007,20,,,1,30,,9009,20,,,1,70,,9012,20,,,1,30,,9011,20,,,1,70,,9015,20,,,1,31,,9017,20,,,1,71,,9013,20,,,1,27,,9019,20,,,1,28,,9016,20,,,1,69,,9018,20,,,1,27,,9014,20,,,1,67,,9020,20,,,1,35,,9021,7,,,1,161,,9022,7,,,1
