2200,'51',851,,7943,44,0,14 1 15,2
2200,'67',853,,7948,27,0,14 1 15,2
2300,'51',852,,7997,56,0,14 1 15,2
2300,'67',851,,8022,20,0,14 1 15,2
3501,'51',628,,8116,2,,,2,78,,8117,2,,,2,46,,8118,2,,,2,101,,8119,2,,,2,78,,8120,2,,,2,85,,8121,2,,,2,85,,8122,2,,,2,45,,8123,2,,,2,85,,8124,2,,,2,85,,8125,2,,,2,88,,8126,2,,,2,48,,8127,2,,,2,86,,8128,2,,,2,89,,8129,2,,,2,80,,8130,2,,,2,44,,8131,2,,,2,86,,8132,2,,,2,77,,8133,2,,,2,39,,8134,2,,,2,66,,8135,2,,,2,31,,8136,2,,,2,67,,8137,2,,,2,38,,8138,2,,,2,70,,8139,2,,,2,28,,8140,2,,,2,65,,8141,2,,,2
3501,'52',658,,8142,2,,,2,70,,8143,2,,,2,30,,8144,2,,,2,70,,8145,2,,,2,29,,8146,2,,,2,72,,8147,2,,,2,82,,8148,2,,,2,45,,8149,2,,,2,85,,8150,2,,,2,87,,8151,2,,,2,89,,8152,2,,,2,85,,8153,2,,,2,46,,8154,2,,,2,85,,8155,2,,,2,85,,8156,2,,,2,86,,8157,2,,,2,44,,8158,2,,,2,84,,8159,2,,,2,80,,8160,2,,,2,45,,8161,2,,,2,70,,8162,2,,,2,28,,8163,2,,,2,68,,8164,2,,,2,30,,8165,2,,,2,70,,8166,2,,,2,28,,8167,2,,,2,65,,8168,2,,,2
3501,'53',828,,8169,2,,,2,29,,8170,2,,,2,72,,8171,2,,,2,82,,8172,2,,,2,45,,8173,2,,,2,85,,8174,2,,,2,87,,8175,2,,,2,89,,8176,2,,,2,85,,8177,2,,,2,46,,8178,2,,,2,85,,8179,2,,,2,85,,8180,2,,,2,86,,8181,2,,,2,44,,8182,2,,,2,84,,8184,2,,,2,80,,8185,2,,,2,45,,8183,2,,,2
3600,'51',609,,8186,2,,,2,227,,8187,2,,,2
20000,'51',903,,8323,14,,,2,29,,8321,14,,,2,26,,8320,14,,,2,69,,8322,14,,,2,1096,,8324,2,,,2,219,,8325,2,,,2
20000,'52',1856,,8326,2,,,2,485,,8327,2,,,2
5003600,'51',642,,8496,2,,,2
