3101,'51',625,,8078,7,,,2,34,,8080,7,,,2,142,,8081,7,,,2,105,,8082,7,,,2,100,,8083,7,,,2,100,,8084,7,,,2,104,,8086,7,,,2,102,,8085,7,,,2,101,,8087,7,,,2,101,,8088,7,,,2,97,,8089,7,,,2,31,,8093,7,,,2,70,,8090,7,,,2,33,,8091,7,,,2,69,,8094,7,,,2,28,,8092,7,,,2,72,,8095,7,,,2,295,,8096,7,0,8,2
3701,'51',721,,8189,7,0,32 1 33,2,105,,8190,7,,,2,102,,8191,7,,,2,98,,8192,7,,,2,102,,8193,7,,,2,113,,8194,7,,,2,102,,8195,7,,,2,102,,8196,7,,,2,156,,8197,7,,,2,141,,8198,7,,,2,71,,8199,7,,,2,101,,8200,7,,,2,97,,8201,7,,,2,97,,8202,7,,,2,101,,8203,7,,,2,100,,8204,7,,,2,28,,8205,7,,,2
3701,'52',651,,8206,7,,,2,100,,8207,7,,,2,101,,8208,7,,,2,102,,8209,7,,,2,101,,8210,7,,,2,156,,8211,7,,,2,100,,8212,7,,,2,102,,8213,7,,,2,100,,8214,7,,,2,100,,8215,7,,,2,102,,8216,7,,,2,98,,8222,7,,,2,98,,8223,7,,,2,96,,8217,7,,,2,100,,8218,7,,,2,101,,8219,7,,,2,98,,8220,7,,,2,28,,8221,7,,,2
3701,'53',751,,8224,7,,,2,101,,8225,7,,,2,102,,8226,7,,,2,101,,8227,7,,,2,156,,8228,7,,,2,100,,8229,7,,,2,102,,8230,7,,,2,100,,8231,7,,,2,100,,8232,7,,,2,102,,8233,7,,,2,98,,8234,7,,,2,98,,8235,7,,,2
3800,'51',751,,8238,7,,,2,106,,8237,7,,,2,98,,8236,7,,,2,102,,8239,7,,,2,153,,8240,7,,,2,102,,8241,7,,,2,102,,8242,7,,,2,108,,8243,14,,,2,117,,8244,7,,,2,73,,8245,7,,,2,134,,8246,7,,,2,97,,8247,7,,,2,96,,8248,7,,,2,101,,8249,7,,,2,99,,8250,7,,,2
3800,'52',721,,8251,7,,,2,100,,8252,7,,,2,103,,8253,7,,,2,101,,8254,7,,,2,100,,8255,7,,,2,116,,8256,7,,,2,100,,8257,7,,,2,102,,8258,7,,,2,100,,8259,7,,,2,102,,8260,7,,,2,100,,8261,7,,,2,98,,8265,7,,,2,96,,8266,7,,,2,100,,8262,7,,,2,97,,8263,7,,,2,101,,8264,7,,,2
3800,'53',821,,8267,7,,,2,103,,8268,7,,,2,101,,8269,7,,,2,100,,8270,7,,,2,116,,8271,7,,,2,100,,8272,7,,,2,102,,8273,7,,,2,100,,8274,7,,,2,102,,8275,7,,,2,100,,8276,7,,,2,98,,8277,7,,,2,96,,8278,7,,,2
3901,'51',1628,,8282,7,,,2,84,,8283,7,,,2,45,,8284,7,,,2
31101,'65',1521,,8393,14,,,2
35101,'65',1521,,8404,14,,,2
35501,'63',1639,,8406,8,0,9 1 43,2
37501,'63',1643,,8408,8,,,2
38001,'51',536,,8412,12,,,2,81,,8413,12,,,2,31,,8414,12,,,2
38101,'65',1521,,8416,14,,,2
38501,'63',1642,,8418,8,,,2
5003700,'51',609,,8501,7,,,2,20,,8502,7,,,2,75,,8504,7,,,2,31,,8505,7,,,2,68,,8503,7,,,2
5003701,'51',1618,,8507,27,,,2,105,,8506,27,,,2,114,,8508,27,,,2
5003801,'51',1701,,8510,27,,,2,48,,8509,27,,,2
2000003101,'52',732,,9119,7,,,2,102,,9120,7,,,2,102,,9121,7,,,2,100,,9122,7,,,2,100,,9123,7,,,2,102,,9124,7,,,2,201,,9125,7,,,2,101,,9126,7,,,2,100,,9127,7,,,2,101,,9128,7,,,2,98,,9129,7,0,8,2
2000003101,'53',834,,9131,7,,,2,102,,9132,7,,,2,100,,9133,7,,,2,100,,9134,7,,,2,102,,9135,7,,,2,201,,9136,7,,,2,101,,9137,7,,,2,100,,9138,7,,,2,101,,9139,7,,,2,98,,9140,7,0,8,2
