2200,'51',603,,7925,16,,,2,27,,7941,54,,,2,22,,7926,16,,,2,70,,7942,16,,,2,26,,7944,54,,,2,83,,7943,16,0,14 1 15,2,88,,7927,16,,,2,35,,7931,16,,,2,72,,7928,16,,,2,32,,7932,16,,,2,70,,7929,16,,,2,30,,7933,16,,,2,71,,7930,16,,,2,30,,7934,16,,,2,70,,7945,16,,,2,30,,7935,16,,,2,69,,7946,16,,,2,74,,7938,16,,,2,31,,7936,2,,,2,25,,7939,2,,,2,148,,7937,2,,,2,34,,7947,2,,,2,100,,7940,2,,,2
2400,'51',639,,8071,22,,,2
6500,'51',642,,8286,61,,,2,59,,8287,61,,,2,30,,8285,43,,,2
22100,'64',712,,8370,16,,,2
22501,'63',1657,,8375,22,,,2
23501,'63',1646,,8383,7,,,2
23601,'63',1646,,8385,7,0,51 1 52,2
5002400,'51',702,,8489,22,,,2,28,,8487,22,,,2,72,,8488,22,,,2
1200000100,'51',556,,8517,37,0,14,1,64,,8518,37,0,34 35 6 31,1,30,,8519,37,0,34 35 6 31,1,59,,8520,37,0,34 35 6 31,1,30,,8523,37,0,16 1 17,1,71,,8521,37,0,34 35 6 31,1
1200000300,'51',618,,8806,37,0,36 37,1,16,,8809,37,0,36 37,1,14,,8811,37,0,36 37,1,10,,8815,37,0,36 37,1,49,,8808,37,0,36 37,1,10,,8816,37,0,36 37,1,10,,8817,37,0,36 37,1,10,,8812,37,0,36 37,1,15,,8820,37,0,36 37,1,56,,8822,37,0,36 37,1,16,,8807,37,0,36 37,1,15,,8818,37,0,36 37,1,15,,8810,37,0,36 37,1,55,,8805,37,0,36 37,1,15,,8813,37,0,36 37,1,15,,8819,37,0,36 37,1,20,,8821,37,0,36 37,1,60,,8824,37,0,36 37,1,20,,8823,37,0,36 37,1,20,,8826,37,0,36 37,1,60,,8814,37,0,36 37,1,20,,8828,37,0,36 37,1,62,,8830,37,0,36 37,1,20,,8825,37,0,36 37,1,20,,8831,37,0,36 37,1,60,,8827,37,0,36 37,1,18,,8833,37,0,36 37,1,20,,8829,37,0,36 37,1,19,,8834,37,0,36 37,1,60,,8836,37,0,36 37,1,19,,8832,37,0,36 37,1,65,,8838,37,0,36 37,1,31,,8840,39,0,36 37,1,67,,8835,39,0,36 37,1,29,,8837,39,0,36 37,1,71,,8841,39,0,36 37,1,31,,8839,39,0,36 37,1,73,,8842,39,0,36 37,1,24,,8844,37,0,36 37,1,27,,8843,37,0,36 37,1,61,,8850,37,0,36 37,1,30,,8852,37,0,36 37,1,72,,8853,37,0,36 37,1,33,,8855,37,0,36 37,1,66,,8851,37,0,36 37,1,27,,8849,37,0,36 37,1,70,,8854,37,0,36 37,1,30,,8847,37,0,36 37,1,66,,8845,37,0,36 37,1,30,,8848,37,0,36 37,1,68,,8846,37,0,36 37,1
1200000300,'52',656,,8856,37,0,36 37,1,70,,8860,37,0,36 37,1,30,,8862,37,0,36 37,1,71,,8864,37,0,36 37,1,30,,8857,37,0,36 37,1,71,,8861,37,0,36 37,1,30,,8863,37,0,36 37,1,71,,8865,37,0,36 37,1,71,,8858,37,0,36 37,1,30,,8869,37,0,36 37,1,71,,8859,37,0,36 37,1,30,,8866,37,0,36 37,1,71,,8867,37,0,36 37,1,30,,8870,37,0,36 37,1,70,,8872,37,0,36 37,1,30,,8874,37,0,36 37,1,70,,8868,37,0,36 37,1,30,,8871,37,0,36 37,1,69,,8873,37,0,36 37,1,30,,8875,37,0,36 37,1,70,,8876,37,0,36 37,1,30,,8878,37,0,36 37,1,69,,8879,37,0,36 37,1,30,,8881,37,0,36 37,1,19,,8877,37,0,36 37,1,94,,8880,37,0,36 37,1,100,,8882,37,0,36 37,1,96,,8883,37,0,36 37,1,99,,8884,37,0,36 37,1,177,,8885,37,0,36 37,1
1200000300,'53',726,,8886,37,0,36 37,1,30,,8888,37,0,36 37,1,71,,8891,37,0,36 37,1,30,,8893,37,0,36 37,1,71,,8887,37,0,36 37,1,30,,8889,37,0,36 37,1,71,,8892,37,0,36 37,1,71,,8894,37,0,36 37,1,30,,8896,37,0,36 37,1,71,,8890,37,0,36 37,1,30,,8898,37,0,36 37,1,71,,8895,37,0,36 37,1,30,,8897,37,0,36 37,1,70,,8900,37,0,36 37,1,30,,8899,37,0,36 37,1,70,,8904,37,0,36 37,1,30,,8907,37,0,36 37,1,69,,8901,37,0,36 37,1,30,,8909,37,0,36 37,1,70,,8905,37,0,36 37,1,30,,8908,37,0,36 37,1,69,,8902,37,0,36 37,1,30,,8910,37,0,36 37,1,19,,8906,37,0,36 37,1,94,,8903,37,0,36 37,1,157,,8911,37,0,36 37,1
2000002200,'51',644,,9108,63,0,18 19 20,2,90,,9110,35,0,18 19 20,2,100,,9112,35,0,18 19 20,2
2000002201,'51',1625,,9113,67,0,21 22 1 18 19 20 44 45,2,83,,9114,67,0,21 22 1 18 19 20 44 45,2,44,,9115,67,0,21 22 1 18 19 20 44 45,2,88,,9116,67,0,21 22 1 18 19 20 44 45,2
