1501,'51',1214,,7894,4,,,2,101,,7895,4,,,2,96,,7896,4,,,2,33,,7897,4,,,2,94,,7899,21,0,34 35 6 41,2,85,,7898,21,0,34 35 6 41,2,16,,7901,21,0,34 35 6 41,2,71,,7904,21,,,2,36,,7903,21,0,34 35 6 41,2,77,,7900,4,,,2,36,,7902,4,,,2,145,,7905,4,,,2,105,,7906,4,,,2,42,,7907,4,,,2
1501,'68',1641,,7908,6,,,2
1601,'51',634,,7919,21,0,34 35 6 41,2,79,,7920,21,0,34 35 6 41,2,33,,7921,21,0,34 35 6 41,2,172,,7922,21,,,2,96,,7923,4,,,2,100,,7924,4,0,34 35 6 41,2
15601,'63',1616,,8317,11,,,2
1001101,'51',602,,8427,15,,,1,29,,8424,15,,,1,70,,8428,15,,,1,32,,8425,15,,,1,24,,8421,15,,,1,81,,8426,15,,,1,66,,8422,15,0,12 13,1,18,,8430,15,,,1,30,,8429,15,,,1,75,,8431,15,,,1,30,,8435,15,,,1,75,,8432,15,,,1,70,,8436,15,,,1,33,,8433,15,,,1,70,,8440,15,,,1,37,,8434,15,,,1,70,,8442,15,,,1,88,,8437,15,,,1,30,,8438,15,,,1,85,,8441,15,,,1,26,,8439,15,,,1,63,,8443,15,,,1,27,,8445,15,,,1,74,,8444,15,,,1,29,,8446,15,,,1,71,,8447,15,,,1,100,,8448,15,,,1,100,,8449,15,,,1,100,,8450,15,,,1,100,,8451,15,0,12 13,1
1001101,'52',802,,8453,15,,,1,101,,8454,15,,,1,101,,8455,15,,,1,100,,8456,15,,,1,98,,8457,15,,,1,100,,8460,15,,,1,101,,8458,15,,,1,100,,8459,15,,,1,100,,8461,15,,,1,100,,8462,15,,,1,100,,8463,15,,,1,100,,8464,15,,,1,100,,8465,15,,,1,100,,8466,15,,,1,100,,8467,15,,,1,100,,8468,15,0,12 13,1
1001101,'53',1004,,8472,15,,,1,100,,8469,15,,,1,98,,8470,15,,,1,100,,8473,15,,,1,101,,8474,15,,,1,100,,8475,15,,,1,100,,8476,15,,,1,100,,8477,15,,,1,100,,8478,15,,,1
1200000100,'51',651,,8518,73,0,34 35 6 31,1,71,,8519,73,0,34 35 6 31,1,22,,8520,73,0,34 35 6 31,1,69,,8523,73,0,16 1 17,1,29,,8521,73,0,34 35 6 31,1
2000001501,'52',801,,9087,4,,,2,101,,9088,4,,,2,100,,9089,4,,,2,102,,9090,4,,,2,101,,9091,4,,,2,101,,9092,4,,,2,151,,9093,4,,,2,102,,9094,4,,,2,144,,9095,4,,,2,98,,9096,4,,,2,56,,9097,4,,,2
2000001501,'53',902,,9098,4,,,2,100,,9099,4,,,2,102,,9100,4,,,2,101,,9101,4,,,2,101,,9102,4,,,2,151,,9103,4,,,2,102,,9104,4,,,2,144,,9105,4,,,2,98,,9106,4,,,2,56,,9107,4,,,2
