1301,'1',630,,5816,6,,,2,77,,5818,6,,,2,93,,5817,6,,,2,805,,5819,6,,,2,17,,5820,6,,,2,80,,5822,6,,,2,30,,5821,6,,,2
1500,'1',619,,5823,51,0,29,2,30,,5825,51,0,29,2,70,,5827,51,0,29,2,31,,5826,54,0,29,2,70,,5829,54,0,29,2
1600,'1',1542,,5851,35,0,29,2,68,,5854,20,0,29,2,33,,5850,38,0,29,2,77,,5852,38,0,29,2,25,,5855,38,0,29,2
1200000201,'1',550,,7270,15,0,29,1,60,,7272,15,0,29,1,17,,7274,15,0,29,1,19,,7262,45,0,29,1,62,,7279,15,0,29,1,18,,7265,57,0,29,1,17,,7264,57,0,29,1,61,,7269,57,0,29,1,20,,7271,57,0,29,1,19,,7273,57,0,29,1,60,,7276,57,0,29,1,15,,7277,57,0,29,1,16,,7263,57,0,29,1,12,,7280,57,0,29,1,54,,7268,57,0,29,1,11,,7266,57,0,29,1,12,,7275,57,0,29,1,12,,7281,57,0,29,1,14,,7278,57,0,29,1,57,,7282,57,0,29,1,31,,7284,57,0,29,1,69,,7286,57,0,29,1,30,,7267,57,0,29,1,73,,7287,57,0,29,1,29,,7283,57,0,29,1,70,,7285,57,0,29,1,31,,7289,57,0,29,1,72,,7290,57,0,29,1,30,,7288,57,0,29,1,82,,7292,57,0,29,1,26,,7294,57,0,29,1,56,,7297,57,0,29,1,16,,7295,57,0,29,1,17,,7296,57,0,29,1,11,,7293,57,0,29,1,10,,7298,57,0,29,1,52,,7299,57,0,29,1,14,,7301,57,0,29,1,13,,7291,57,0,29,1,9,,7304,57,0,29,1,53,,7305,57,0,29,1,13,,7308,57,0,29,1,12,,7309,57,0,29,1,13,,7303,57,0,29,1,64,,7302,57,0,29,1,26,,7300,57,0,29,1,19,,7310,57,0,29,1,68,,7311,57,0,29,1,32,,7306,57,0,29,1,75,,7313,57,0,29,1,26,,7315,57,0,29,1,71,,7312,57,0,29,1,26,,7307,57,0,29,1,71,,7314,57,0,29,1,86,,7316,57,0,29,1
1200000201,'14',1723,,7317,51,0,29,1
1200000201,'2',648,,7323,15,0,29,1,68,,7321,45,0,29,1,39,,7318,57,0,29,1,70,,7326,57,0,29,1,31,,7324,57,0,29,1,72,,7322,57,0,29,1,72,,7328,57,0,29,1,31,,7319,57,0,29,1,71,,7327,57,0,29,1,32,,7325,57,0,29,1,72,,7330,57,0,29,1,31,,7329,57,0,29,1,71,,7320,57,0,29,1,32,,7332,57,0,29,1,71,,7334,57,0,29,1,30,,7331,57,0,29,1,70,,7336,57,0,29,1,31,,7337,57,0,29,1,70,,7333,57,0,29,1,30,,7335,57,0,29,1,71,,7339,57,0,29,1,31,,7341,57,0,29,1,67,,7338,57,0,29,1,25,,7343,57,0,29,1,68,,7344,57,0,29,1,25,,7340,57,0,29,1,25,,7342,57,0,29,1,67,,7348,57,0,29,1,29,,7347,57,0,29,1,71,,7345,57,0,29,1,27,,7349,57,0,29,1,68,,7351,57,0,29,1,29,,7350,57,0,29,1,70,,7353,57,0,29,1,29,,7346,57,0,29,1,68,,7352,57,0,29,1,89,,7354,57,0,29,1
1200000201,'27',2300,,7355,50,0,29,1,30,,7358,50,0,29,1,28,,7356,50,0,29,1,83,,7359,50,0,29,1,68,,7361,50,0,29,1,30,,7357,50,0,29,1,70,,7360,50,0,29,1
1200000201,'28',2259,,7362,50,0,29,1,70,,7365,50,0,29,1,29,,7363,50,0,29,1,82,,7366,50,0,29,1,68,,7368,50,0,29,1,30,,7364,50,0,29,1,70,,7367,50,0,29,1
1200000201,'29',2259,,7369,50,0,29,1,70,,7372,50,0,29,1,29,,7370,50,0,29,1,82,,7373,50,0,29,1,68,,7375,50,0,29,1,30,,7371,50,0,29,1,70,,7374,50,0,29,1
1200000201,'3',648,,7376,15,0,29,1,68,,7378,15,0,29,1,32,,7380,15,0,29,1,70,,7382,15,0,29,1,38,,7377,57,0,29,1,72,,7379,57,0,29,1,72,,7381,57,0,29,1,30,,7383,57,0,29,1,72,,7384,57,0,29,1,32,,7388,57,0,29,1,72,,7386,57,0,29,1,31,,7390,57,0,29,1,71,,7387,57,0,29,1,32,,7385,57,0,29,1,71,,7389,57,0,29,1,30,,7392,57,0,29,1,70,,7391,57,0,29,1,31,,7393,57,0,29,1,70,,7395,57,0,29,1,30,,7397,57,0,29,1,71,,7400,57,0,29,1,31,,7402,57,0,29,1,67,,7394,57,0,29,1,25,,7396,57,0,29,1,68,,7398,57,0,29,1,25,,7401,57,0,29,1,25,,7403,57,0,29,1,67,,7405,57,0,29,1,29,,7404,57,0,29,1,71,,7399,57,0,29,1,27,,7406,57,0,29,1
