3400,'51',619,,8098,32,,,2,115,,8099,34,,,2,77,,8097,32,,,2,38,,8100,34,0,24 1 15,2,676,,8101,23,,,2,82,,8103,32,,,2,102,,8102,34,,,2,28,,8104,34,,,2,88,,8105,34,,,2
22100,'64',728,,8370,30,,,2
22200,'64',726,,8372,26,,,2
23100,'64',735,,8378,63,,,2
5003701,'51',1604,,8507,14,,,2,108,,8506,14,,,2,114,,8508,14,,,2
5003801,'51',1648,,8510,14,,,2,90,,8509,14,,,2
1200000100,'51',628,,8518,47,0,34 35 6 31,1,30,,8519,47,0,34 35 6 31,1,60,,8520,47,0,34 35 6 31,1,30,,8523,47,0,16 1 17,1,70,,8521,47,0,34 35 6 31,1
1200000201,'51',606,,8658,2,0,29,1,35,,8663,14,0,29,1,8,,8674,2,0,29,1,7,,8661,14,0,29,1,48,,8677,2,0,29,1,11,,8665,14,0,29,1,10,,8671,14,0,29,1,10,,8668,14,0,29,1,10,,8660,14,0,29,1,10,,8670,14,0,29,1,59,,8673,14,0,29,1,18,,8679,14,0,29,1,15,,8659,14,0,29,1,54,,8681,14,0,29,1,14,,8664,14,0,29,1,12,,8675,14,0,29,1,12,,8662,14,0,29,1,12,,8678,14,0,29,1,55,,8666,14,0,29,1,12,,8685,14,0,29,1,17,,8684,14,0,29,1,18,,8687,14,0,29,1,54,,8683,14,0,29,1,15,,8682,14,0,29,1,15,,8688,14,0,29,1,15,,8690,14,0,29,1,55,,8691,14,0,29,1,17,,8692,14,0,29,1,15,,8686,14,0,29,1,15,,8693,14,0,29,1,55,,8694,14,0,29,1,15,,8695,14,0,29,1,16,,8696,14,0,29,1,15,,8697,14,0,29,1,55,,8689,14,0,29,1,15,,8698,14,0,29,1,14,,8700,14,0,29,1,15,,8701,14,0,29,1,57,,8702,14,0,29,1,13,,8706,14,0,29,1,14,,8699,14,0,29,1,19,,8704,14,0,29,1,58,,8709,14,0,29,1,16,,8710,14,0,29,1,18,,8712,14,0,29,1,51,,8703,14,0,29,1,13,,8714,14,0,29,1,12,,8708,14,0,29,1,14,,8716,14,0,29,1,14,,8718,14,0,29,1,49,,8720,14,0,29,1,13,,8707,14,0,29,1,12,,8713,14,0,29,1,7,,8705,14,0,29,1,7,,8721,14,0,29,1,12,,8711,14,0,29,1,53,,8715,14,0,29,1,12,,8717,14,0,29,1,14,,8722,14,0,29,1,14,,8719,14,0,29,1,60,,8723,14,0,29,1,30,,8724,14,0,29,1,72,,8726,14,0,29,1,35,,8728,14,0,29,1,69,,8730,14,0,29,1,31,,8725,14,0,29,1,67,,8727,14,0,29,1,31,,8729,14,0,29,1,86,,8731,14,0,29,1
1200000201,'52',640,,8735,2,0,29,1,76,,8732,14,0,29,1,30,,8740,14,0,29,1,69,,8738,14,0,29,1,31,,8736,14,0,29,1,71,,8742,14,0,29,1,31,,8733,14,0,29,1,71,,8741,14,0,29,1,30,,8739,14,0,29,1,70,,8744,14,0,29,1,30,,8743,14,0,29,1,70,,8734,14,0,29,1,32,,8747,14,0,29,1,71,,8748,14,0,29,1,30,,8745,14,0,29,1,70,,8746,14,0,29,1,31,,8751,14,0,29,1,70,,8750,14,0,29,1,29,,8749,14,0,29,1,71,,8754,14,0,29,1,32,,8756,14,0,29,1,70,,8752,14,0,29,1,28,,8759,14,0,29,1,70,,8758,14,0,29,1,27,,8755,14,0,29,1,67,,8757,14,0,29,1,28,,8762,14,0,29,1,69,,8753,14,0,29,1,31,,8760,14,0,29,1,67,,8763,14,0,29,1,28,,8765,14,0,29,1,70,,8764,14,0,29,1,30,,8768,14,0,29,1,70,,8761,14,0,29,1,29,,8766,14,0,29,1,88,,8767,14,0,29,1
1200000201,'53',815,,8770,14,0,29,1,31,,8772,14,0,29,1,71,,8774,14,0,29,1,31,,8776,14,0,29,1,71,,8778,14,0,29,1,30,,8782,14,0,29,1,70,,8780,14,0,29,1,30,,8784,14,0,29,1,70,,8781,14,0,29,1,32,,8779,14,0,29,1,71,,8783,14,0,29,1,30,,8785,14,0,29,1,70,,8777,14,0,29,1,31,,8786,14,0,29,1,70,,8788,14,0,29,1,29,,8791,14,0,29,1,71,,8793,14,0,29,1,32,,8795,14,0,29,1,70,,8787,14,0,29,1,28,,8789,14,0,29,1,70,,8792,14,0,29,1,27,,8794,14,0,29,1,67,,8796,14,0,29,1,28,,8798,14,0,29,1,69,,8797,14,0,29,1,31,,8790,14,0,29,1,67,,8799,14,0,29,1
1200000201,'68',1638,,8800,8,0,29,1
1200000201,'69',1605,,8803,14,0,29,1,18,,8804,14,0,29,1
1200000401,'51',1654,,9031,14,,,1,68,,9034,14,,,1,22,,9035,14,,,1
2000003400,'52',727,,9141,32,,,2,84,,9142,34,,,2,47,,9143,34,,,2,86,,9144,34,,,2,84,,9145,34,,,2,86,,9146,34,,,2,45,,9147,34,,,2,87,,9148,34,,,2,171,,9149,34,,,2,83,,9150,34,,,2,47,,9151,34,,,2,83,,9152,34,,,2,90,,9153,34,,,2,82,,9154,34,,,2,44,,9155,34,,,2
2000003400,'53',809,,9156,32,,,2,49,,9157,34,,,2,86,,9158,34,,,2,84,,9159,34,,,2,86,,9160,34,,,2,45,,9161,34,,,2,87,,9162,34,,,2,171,,9163,34,,,2,83,,9164,34,,,2,47,,9165,34,,,2,83,,9166,34,,,2,90,,9167,34,,,2,82,,9168,34,,,2,44,,9169,34,,,2
