1301,'51',651,,7876,20,,,2,85,,7877,20,,,2,73,,7875,20,,,2,810,,7880,20,,,2,15,,7878,20,,,2,77,,7881,20,,,2,30,,7879,20,,,2
1301,'68',1635,,7882,6,,,2
20000,'51',925,,8323,25,4,,2,28,,8321,25,4,,2,66,,8320,25,4,,2,29,,8322,25,4,,2,1094,,8324,13,4,,2,258,,8325,13,4,,2
20000,'52',1913,,8326,13,4,,2,445,,8327,13,4,,2
21000,'51',1157,,8336,31,4,,2,80,,8337,31,4,,2,85,,8335,31,4,,2,417,,8340,31,4,,2,69,,8339,31,4,,2,27,,8338,31,4,,2,81,,8342,31,4,,2,131,,8341,31,4,,2
21000,'52',1255,,8343,31,4,,2,173,,8344,31,4,,2,231,,8345,31,4,,2,71,,8346,31,4,,2,322,,8347,31,4,,2
21000,'53',1121,,8348,31,4,,2,103,,8350,31,4,,2,133,,8349,31,4,,2,102,,8351,31,4,,2,70,,8352,31,4,,2
35000,'51',916,,8402,12,4,,2
38000,'51',1711,,8409,26,4,,2,43,,8410,26,4,,2,84,,8411,26,4,,2
1200000100,'51',659,,8518,81,0,34 35 6 31,1,72,,8519,81,0,34 35 6 31,1,23,,8520,81,0,34 35 6 31,1,68,,8523,81,0,16 1 17,1,29,,8521,81,0,34 35 6 31,1
1200000201,'51',634,,8658,30,0,29,1,75,,8663,42,0,29,1,9,,8674,30,0,29,1,7,,8661,42,0,29,1,9,,8677,30,0,29,1,12,,8665,42,0,29,1,10,,8671,42,0,29,1,49,,8668,42,0,29,1,9,,8660,42,0,29,1,9,,8670,42,0,29,1,19,,8673,42,0,29,1,17,,8679,42,0,29,1,55,,8659,42,0,29,1,14,,8681,42,0,29,1,14,,8664,42,0,29,1,12,,8675,42,0,29,1,52,,8662,42,0,29,1,12,,8678,42,0,29,1,15,,8666,42,0,29,1,12,,8685,42,0,29,1,57,,8684,42,0,29,1,18,,8687,42,0,29,1,14,,8683,42,0,29,1,15,,8682,42,0,29,1,55,,8688,42,0,29,1,15,,8690,42,0,29,1,15,,8691,42,0,29,1,18,,8692,42,0,29,1,55,,8686,42,0,29,1,15,,8693,42,0,29,1,14,,8694,42,0,29,1,15,,8695,42,0,29,1,56,,8696,42,0,29,1,15,,8697,42,0,29,1,15,,8689,42,0,29,1,16,,8698,42,0,29,1,54,,8700,42,0,29,1,16,,8701,42,0,29,1,19,,8702,42,0,29,1,13,,8706,42,0,29,1,55,,8699,42,0,29,1,20,,8704,42,0,29,1,16,,8709,42,0,29,1,55,,8710,42,0,29,1,18,,8712,42,0,29,1,11,,8703,42,0,29,1,11,,8714,42,0,29,1,11,,8708,42,0,29,1,54,,8716,42,0,29,1,14,,8718,42,0,29,1,9,,8720,42,0,29,1,13,,8707,42,0,29,1,12,,8713,42,0,29,1,47,,8705,42,0,29,1,7,,8721,42,0,29,1,12,,8711,42,0,29,1,13,,8715,42,0,29,1,12,,8717,42,0,29,1,14,,8722,42,0,29,1,54,,8719,42,0,29,1,20,,8723,42,0,29,1,69,,8724,42,0,29,1,32,,8726,42,0,29,1,75,,8728,42,0,29,1,27,,8730,42,0,29,1,71,,8725,42,0,29,1,27,,8727,42,0,29,1,71,,8729,42,0,29,1,46,,8731,42,0,29,1
1200000201,'52',704,,8735,30,0,29,1,36,,8732,42,0,29,1,70,,8740,42,0,29,1,30,,8738,42,0,29,1,72,,8736,42,0,29,1,31,,8742,42,0,29,1,71,,8733,42,0,29,1,31,,8741,42,0,29,1,71,,8739,42,0,29,1,30,,8744,42,0,29,1,70,,8743,42,0,29,1,30,,8734,42,0,29,1,72,,8747,42,0,29,1,31,,8748,42,0,29,1,70,,8745,42,0,29,1,30,,8746,42,0,29,1,72,,8751,42,0,29,1,30,,8750,42,0,29,1,69,,8749,42,0,29,1,31,,8754,42,0,29,1,72,,8756,42,0,29,1,30,,8752,42,0,29,1,65,,8759,42,0,29,1,30,,8758,42,0,29,1,66,,8755,42,0,29,1,27,,8757,42,0,29,1,68,,8762,42,0,29,1,29,,8753,42,0,29,1,71,,8760,42,0,29,1,27,,8763,42,0,29,1,68,,8765,42,0,29,1,30,,8764,42,0,29,1,70,,8768,42,0,29,1,30,,8761,42,0,29,1,68,,8766,42,0,29,1,48,,8767,42,0,29,1
1200000201,'53',840,,8770,42,0,29,1,72,,8772,42,0,29,1,31,,8774,42,0,29,1,71,,8776,42,0,29,1,31,,8778,42,0,29,1,71,,8782,42,0,29,1,30,,8780,42,0,29,1,70,,8784,42,0,29,1,30,,8781,42,0,29,1,72,,8779,42,0,29,1,31,,8783,42,0,29,1,70,,8785,42,0,29,1,30,,8777,42,0,29,1,72,,8786,42,0,29,1,30,,8788,42,0,29,1,69,,8791,42,0,29,1,31,,8793,42,0,29,1,72,,8795,42,0,29,1,30,,8787,42,0,29,1,65,,8789,42,0,29,1,30,,8792,42,0,29,1,66,,8794,42,0,29,1,27,,8796,42,0,29,1,68,,8798,42,0,29,1,29,,8797,42,0,29,1,71,,8790,42,0,29,1,27,,8799,42,0,29,1
1200000201,'68',1710,,8800,36,0,29,1
1200000201,'69',1637,,8803,42,0,29,1,17,,8804,42,0,29,1
1200000401,'51',1724,,9031,42,,,1,25,,9034,42,,,1,62,,9035,42,,,1
