11,1100,'51',7806,7807,7808,7809,7810,7811,7812,7813,7814,7815,7816,7817,7818,7819,7820,7821,7822,7823,7824,7825,7826,7827,7828,7829,7830,7831,7832,7833,7834,7835,7836
11,1100,'52',7837,7838,7839,7840,7841,7842,7843,7844,7845,7846,7847,7848,7849,7850,7851,7852,7853
11,1100,'53',7854,7855,7856,7857,7858,7859,7860,7861,7862,7863
13,1300,'51',7864,7865,7866,7867,7868,7869,7870,7871,7872,7873
13,1300,'67',7874
13,1301,'51',7875,7876,7877,7878,7879,7880,7881
13,1301,'68',7882
15,1500,'51',7883,7884,7885,7886,7887,7888,7889,7890,7891,7892
15,1500,'67',7893
15,1501,'51',7894,7895,7896,7897,7898,7899,7900,7901,7902,7903,7904,7905,7906,7907
15,1501,'68',7908
16,1600,'51',7909,7910,7911,7912,7913,7914,7915,7916,7917,7918
16,1601,'51',7919,7920,7921,7922,7923,7924
22,2200,'51',7925,7926,7927,7928,7929,7930,7931,7932,7933,7934,7935,7936,7937,7938,7939,7940,7941,7942,7943,7944,7945,7946,7947
22,2200,'67',7948
22,2201,'51',7949,7950,7951,7952,7953,7954,7955,7956,7957,7958,7959,7960,7961,7962,7963,7964,7965,7966,7967,7968,7969,7970,7971,7972,7973,7974
22,2201,'68',7975
23,2300,'51',7976,7977,7978,7979,7980,7981,7982,7983,7984,7985,7986,7987,7988,7989,7990,7991,7992,7993,7994,7995,7996,7997,7998
23,2300,'52',7999,8000,8001,8002,8003,8004,8005,8006,8007,8008,8009,8010
23,2300,'53',8011,8012,8013,8014,8015,8016,8017,8018,8019,8020,8021
23,2300,'67',8022
23,2301,'51',8023,8024,8025,8026,8027,8028,8029,8030,8031,8032,8033,8034,8035,8036,8037,8038,8039,8040,8041,8042,8043,8044,8045,8046
23,2301,'52',8047,8048,8049,8050,8051,8052,8053,8054,8055,8056,8057,8058
23,2301,'53',8059,8060,8061,8062,8063,8064,8065,8066,8067,8068,8069
23,2301,'68',8070
24,2400,'51',8071
24,2401,'51',8072,8073,8074,8075,8076
31,3101,'51',8077,8078,8079,8080,8081,8082,8083,8084,8085,8086,8087,8088,8089,8090,8091,8092,8093,8094,8095,8096
34,3400,'51',8097,8098,8099,8100,8101,8102,8103,8104,8105
34,3401,'51',8106,8107,8108,8109,8110,8111,8112,8113,8114
35,3501,'51',8115,8116,8117,8118,8119,8120,8121,8122,8123,8124,8125,8126,8127,8128,8129,8130,8131,8132,8133,8134,8135,8136,8137,8138,8139,8140,8141
35,3501,'52',8142,8143,8144,8145,8146,8147,8148,8149,8150,8151,8152,8153,8154,8155,8156,8157,8158,8159,8160,8161,8162,8163,8164,8165,8166,8167,8168
35,3501,'53',8169,8170,8171,8172,8173,8174,8175,8176,8177,8178,8179,8180,8181,8182,8183,8184,8185
36,3600,'51',8186,8187
37,3701,'51',8188,8189,8190,8191,8192,8193,8194,8195,8196,8197,8198,8199,8200,8201,8202,8203,8204,8205
37,3701,'52',8206,8207,8208,8209,8210,8211,8212,8213,8214,8215,8216,8217,8218,8219,8220,8221,8222,8223
37,3701,'53',8224,8225,8226,8227,8228,8229,8230,8231,8232,8233,8234,8235
38,3800,'51',8236,8237,8238,8239,8240,8241,8242,8243,8244,8245,8246,8247,8248,8249,8250
38,3800,'52',8251,8252,8253,8254,8255,8256,8257,8258,8259,8260,8261,8262,8263,8264,8265,8266
38,3800,'53',8267,8268,8269,8270,8271,8272,8273,8274,8275,8276,8277,8278
39,3900,'51',8279,8280,8281
39,3901,'51',8282,8283,8284
65,6500,'51',8285,8286,8287
65,6501,'51',8288,8289,8290
111,11100,'66',8291
111,11101,'65',8292
115,11500,'62',8293
115,11501,'63',8294
119,11900,'67',8295
119,11901,'68',8296
125,12500,'62',8297
125,12501,'63',8298
126,12600,'62',8299
126,12601,'63',8300
127,12700,'62',8301
127,12701,'63',8302
129,12900,'67',8303
129,12901,'68',8304
131,13100,'64',8305
131,13101,'65',8306
135,13500,'62',8307
136,13600,'62',8308
136,13601,'63',8309
137,13700,'67',8310
138,13800,'62',8311
138,13801,'63',8312
139,13900,'67',8313
139,13901,'68',8314
155,15500,'62',8315
156,15600,'62',8316
156,15601,'63',8317
158,15800,'67',8318
158,15801,'68',8319
200,20000,'51',8320,8321,8322,8323,8324,8325
200,20000,'52',8326,8327
200,20001,'51',8328,8329,8330,8331
200,20001,'52',8332,8333,8334
210,21000,'51',8335,8336,8337,8338,8339,8340,8341,8342
210,21000,'52',8343,8344,8345,8346,8347
210,21000,'53',8348,8349,8350,8351,8352
210,21001,'51',8353,8354,8355,8356,8357,8358,8359,8360,8361
210,21001,'52',8362,8363,8364,8365,8366
210,21001,'53',8367,8368,8369
221,22100,'64',8370
221,22101,'65',8371
222,22200,'64',8372
222,22201,'65',8373
225,22500,'62',8374
225,22501,'63',8375
229,22900,'67',8376
229,22901,'68',8377
231,23100,'64',8378
231,23101,'65',8379
232,23200,'64',8380
232,23201,'65',8381
235,23500,'62',8382
235,23501,'63',8383
236,23600,'62',8384
236,23601,'63',8385
241,24100,'64',8386
241,24101,'65',8387
242,24200,'64',8388
242,24201,'65',8389
245,24500,'62',8390
245,24501,'63',8391
311,31100,'64',8392
311,31101,'65',8393
319,31900,'67',8394,8395
319,31901,'68',8396,8397
325,32500,'62',8398
325,32501,'63',8399
345,34500,'62',8400
345,34501,'63',8401
350,35000,'51',8402
351,35100,'64',8403
351,35101,'65',8404
355,35500,'62',8405
355,35501,'63',8406
375,37500,'62',8407
375,37501,'63',8408
380,38000,'51',8409,8410,8411
380,38001,'51',8412,8413,8414
381,38100,'64',8415
381,38101,'65',8416
385,38500,'62',8417
385,38501,'63',8418
399,39900,'67',8419
399,39901,'68',8420
10011,1001101,'51',8421,8422,8423,8424,8425,8426,8427,8428,8429,8430,8431,8432,8433,8434,8435,8436,8437,8438,8439,8440,8441,8442,8443,8444,8445,8446,8447,8448,8449,8450,8451
10011,1001101,'52',8452,8453,8454,8455,8456,8457,8458,8459,8460,8461,8462,8463,8464,8465,8466,8467,8468
10011,1001101,'53',8469,8470,8471,8472,8473,8474,8475,8476,8477,8478
50023,5002300,'51',8479,8480,8481,8482
50023,5002301,'51',8483,8484,8485,8486
50024,5002400,'51',8487,8488,8489
50024,5002401,'51',8490,8491,8492
50034,5003400,'51',8493,8494
50034,5003401,'51',8495
50036,5003600,'51',8496,8497
50036,5003601,'51',8498,8499,8500
50037,5003700,'51',8501,8502,8503,8504,8505
50037,5003701,'51',8506,8507,8508
50038,5003801,'51',8509,8510
50042,5004200,'61',8511
50043,5004300,'61',8512,8513
50043,5004301,'61',8514,8515,8516
12000001,1200000100,'51',8517,8518,8519,8520,8521,8522,8523,8524,8525
12000001,1200000101,'51',8526,8527,8528,8529
12000002,1200000200,'51',8530,8531,8532,8533,8534,8535,8536,8537,8538,8539,8540,8541,8542,8543,8544,8545,8546,8547,8548,8549,8550,8551,8552,8553,8554,8555,8556,8557,8558,8559,8560,8561,8562,8563,8564,8565,8566,8567,8568,8569,8570,8571,8572,8573,8574,8575,8576,8577,8578,8579,8580,8581,8582,8583,8584,8585,8586,8587,8588,8589,8590,8591,8592,8593,8594,8595
12000002,1200000200,'52',8596,8597,8598,8599,8600,8601,8602,8603,8604,8605,8606,8607,8608,8609,8610,8611,8612,8613,8614,8615,8616,8617,8618,8619,8620,8621,8622,8623,8624,8625,8626,8627,8628
12000002,1200000200,'53',8629,8630,8631,8632,8633,8634,8635,8636,8637,8638,8639,8640,8641,8642,8643,8644,8645,8646,8647,8648,8649,8650,8651,8652,8653,8654,8655
12000002,1200000200,'69',8656,8657
12000002,1200000201,'51',8658,8659,8660,8661,8662,8663,8664,8665,8666,8667,8668,8669,8670,8671,8672,8673,8674,8675,8676,8677,8678,8679,8680,8681,8682,8683,8684,8685,8686,8687,8688,8689,8690,8691,8692,8693,8694,8695,8696,8697,8698,8699,8700,8701,8702,8703,8704,8705,8706,8707,8708,8709,8710,8711,8712,8713,8714,8715,8716,8717,8718,8719,8720,8721,8722,8723,8724,8725,8726,8727,8728,8729,8730,8731
12000002,1200000201,'52',8732,8733,8734,8735,8736,8737,8738,8739,8740,8741,8742,8743,8744,8745,8746,8747,8748,8749,8750,8751,8752,8753,8754,8755,8756,8757,8758,8759,8760,8761,8762,8763,8764,8765,8766,8767,8768
12000002,1200000201,'53',8769,8770,8771,8772,8773,8774,8775,8776,8777,8778,8779,8780,8781,8782,8783,8784,8785,8786,8787,8788,8789,8790,8791,8792,8793,8794,8795,8796,8797,8798,8799
12000002,1200000201,'68',8800
12000002,1200000201,'69',8801,8802,8803,8804
12000003,1200000300,'51',8805,8806,8807,8808,8809,8810,8811,8812,8813,8814,8815,8816,8817,8818,8819,8820,8821,8822,8823,8824,8825,8826,8827,8828,8829,8830,8831,8832,8833,8834,8835,8836,8837,8838,8839,8840,8841,8842,8843,8844,8845,8846,8847,8848,8849,8850,8851,8852,8853,8854,8855
12000003,1200000300,'52',8856,8857,8858,8859,8860,8861,8862,8863,8864,8865,8866,8867,8868,8869,8870,8871,8872,8873,8874,8875,8876,8877,8878,8879,8880,8881,8882,8883,8884,8885
12000003,1200000300,'53',8886,8887,8888,8889,8890,8891,8892,8893,8894,8895,8896,8897,8898,8899,8900,8901,8902,8903,8904,8905,8906,8907,8908,8909,8910,8911
12000003,1200000301,'51',8912,8913,8914,8915,8916,8917,8918,8919,8920,8921,8922,8923,8924,8925,8926,8927,8928,8929,8930,8931,8932,8933,8934,8935,8936,8937,8938,8939,8940,8941,8942,8943,8944,8945,8946,8947,8948,8949,8950,8951,8952,8953,8954,8955,8956,8957,8958,8959,8960,8961,8962,8963,8964,8965,8966,8967
12000003,1200000301,'52',8968,8969,8970,8971,8972,8973,8974,8975,8976,8977,8978,8979,8980,8981,8982,8983,8984,8985,8986,8987,8988,8989,8990,8991,8992,8993,8994,8995,8996,8997
12000003,1200000301,'53',8998,8999,9000,9001,9002,9003,9004,9005,9006,9007,9008,9009,9010,9011,9012,9013,9014,9015,9016,9017,9018,9019,9020,9021,9022
12000004,1200000400,'51',9023,9024,9025,9026
12000004,1200000401,'51',9027,9028,9029,9030,9031,9032,9033,9034,9035
20000001,2000000100,'51',9036,9037,9038,9039,9040,9041,9042
20000001,2000000101,'51',9043,9044,9045,9046,9047
20000002,2000000200,'51',9048,9049,9050,9051,9052,9053,9054,9055,9056,9202
20000002,2000000201,'51',9057,9058,9059,9060,9061,9062,9063,9064,9065
20000015,2000001500,'52',9066,9067,9068,9069,9070,9071,9072,9073,9074,9075,9076
20000015,2000001500,'53',9077,9078,9079,9080,9081,9082,9083,9084,9085,9086
20000015,2000001501,'52',9087,9088,9089,9090,9091,9092,9093,9094,9095,9096,9097
20000015,2000001501,'53',9098,9099,9100,9101,9102,9103,9104,9105,9106,9107
20000022,2000002200,'51',9108,9109,9110,9111,9112
20000022,2000002201,'51',9113,9114,9115,9116,9117
20000031,2000003101,'52',9118,9119,9120,9121,9122,9123,9124,9125,9126,9127,9128,9129
20000031,2000003101,'53',9130,9131,9132,9133,9134,9135,9136,9137,9138,9139,9140
20000034,2000003400,'52',9141,9142,9143,9144,9145,9146,9147,9148,9149,9150,9151,9152,9153,9154,9155
20000034,2000003400,'53',9156,9157,9158,9159,9160,9161,9162,9163,9164,9165,9166,9167,9168,9169
20000034,2000003401,'52',9170,9171,9172,9173,9174,9175,9176,9177,9178,9179,9180,9181,9182,9183,9184
20000034,2000003401,'53',9185,9186,9187,9188,9189,9190,9191,9192,9193,9194,9195,9196,9197,9198
20000066,2000006600,'51',9199
20000066,2000006601,'51',9200,9201
