3101,'51',630,,8078,17,,,2,74,,8080,17,,,2,102,,8081,17,,,2,105,,8082,17,,,2,100,,8083,17,,,2,100,,8084,17,,,2,104,,8086,17,,,2,102,,8085,17,,,2,101,,8087,17,,,2,101,,8088,17,,,2,97,,8089,17,,,2,31,,8093,17,,,2,70,,8090,17,,,2,33,,8091,17,,,2,69,,8094,17,,,2,28,,8092,17,,,2,72,,8095,17,,,2,295,,8096,17,0,8,2
3701,'51',541,,8188,10,,,2,185,,8189,17,0,32 1 33,2,105,,8190,17,,,2,102,,8191,17,,,2,98,,8192,17,,,2,102,,8193,17,,,2,113,,8194,17,,,2,102,,8195,17,,,2,102,,8196,17,,,2,156,,8197,17,,,2,141,,8198,17,,,2,71,,8199,17,,,2,101,,8200,17,,,2,97,,8201,17,,,2,97,,8202,17,,,2,101,,8203,17,,,2,100,,8204,17,,,2,28,,8205,17,,,2
3701,'52',657,,8206,17,,,2,100,,8207,17,,,2,101,,8208,17,,,2,142,,8209,17,,,2,101,,8210,17,,,2,116,,8211,17,,,2,100,,8212,17,,,2,102,,8213,17,,,2,100,,8214,17,,,2,100,,8215,17,,,2,102,,8216,17,,,2,98,,8222,17,,,2,98,,8223,17,,,2,96,,8217,17,,,2,100,,8218,17,,,2,101,,8219,17,,,2,98,,8220,17,,,2,28,,8221,17,,,2
3701,'53',757,,8224,17,,,2,101,,8225,17,,,2,142,,8226,17,,,2,101,,8227,17,,,2,116,,8228,17,,,2,100,,8229,17,,,2,102,,8230,17,,,2,100,,8231,17,,,2,100,,8232,17,,,2,102,,8233,17,,,2,98,,8234,17,,,2,98,,8235,17,,,2
31101,'65',1529,,8393,26,,,2
38101,'65',1535,,8416,34,,,2
38501,'63',1652,,8418,20,,,2
5003700,'51',614,,8501,17,,,2,21,,8502,17,,,2,75,,8504,17,,,2,31,,8505,17,,,2,68,,8503,17,,,2
5003701,'51',1628,,8507,39,,,2,104,,8506,39,,,2,114,,8508,39,,,2
2000003101,'52',737,,9119,17,,,2,102,,9120,17,,,2,102,,9121,17,,,2,100,,9122,17,,,2,100,,9123,17,,,2,102,,9124,17,,,2,201,,9125,17,,,2,101,,9126,17,,,2,100,,9127,17,,,2,101,,9128,17,,,2,98,,9129,17,0,8,2
2000003101,'53',839,,9131,17,,,2,102,,9132,17,,,2,100,,9133,17,,,2,100,,9134,17,,,2,102,,9135,17,,,2,201,,9136,17,,,2,101,,9137,17,,,2,100,,9138,17,,,2,101,,9139,17,,,2,98,,9140,17,0,8,2
