2200,'51',619,,7925,43,4,,2,28,,7941,81,4,,2,63,,7926,43,4,,2,30,,7942,43,4,,2,66,,7944,81,4,,2,43,,7943,43,0,14 1 15,2,87,,7927,43,4,,2,75,,7931,43,4,,2,32,,7928,43,4,,2,72,,7932,43,4,,2,30,,7929,43,4,,2,70,,7933,43,4,,2,31,,7930,43,4,,2,70,,7934,43,4,,2,30,,7945,43,4,,2,70,,7935,43,4,,2,29,,7946,43,4,,2,74,,7938,43,4,,2,31,,7936,29,4,,2,65,,7939,29,4,,2,108,,7937,29,4,,2,34,,7947,29,4,,2,100,,7940,29,4,,2
2200,'67',851,,7948,26,0,14 1 15,2
2300,'51',615,,7994,55,4,,2,236,,7997,55,0,14 1 15,2,70,,7976,55,4,,2,36,,7979,55,4,,2,70,,7977,55,4,,2,31,,7980,55,4,,2,70,,7978,55,4,,2,30,,7981,55,4,,2,71,,7983,41,4,,2,30,,7982,41,4,,2,70,,7984,41,4,,2,30,,7986,41,4,,2,72,,7985,41,4,,2,74,,7987,41,4,,2,31,,7996,41,4,,2,117,,7998,41,4,,2,75,,7995,41,4,,2,28,,7988,41,4,,2,70,,7990,41,4,,2,27,,7989,41,4,,2,78,,7991,41,4,,2,102,,7992,41,4,,2,95,,7993,41,4,,2
2300,'52',653,,7999,55,4,,2,100,,8000,55,4,,2,101,,8001,55,4,,2,101,,8002,55,4,,2,101,,8003,55,4,,2,101,,8004,55,4,,2,101,,8005,55,4,,2,100,,8006,41,4,,2,100,,8007,41,4,,2,100,,8008,41,4,,2,101,,8009,41,4,,2,88,,8010,41,4,,2
2300,'53',753,,8011,55,4,,2,101,,8012,55,4,,2,101,,8013,55,4,,2,101,,8014,55,4,,2,101,,8015,55,4,,2,101,,8016,55,4,,2,100,,8017,41,4,,2,100,,8018,41,4,,2,100,,8019,41,4,,2,101,,8020,41,4,,2,88,,8021,41,4,,2
2300,'67',850,,8022,19,0,14 1 15,2
20000,'51',903,,8323,13,,,2,29,,8321,13,,,2,26,,8320,13,,,2,69,,8322,13,,,2,1096,,8324,1,,,2,219,,8325,1,,,2
20000,'52',1856,,8326,1,,,2,485,,8327,1,,,2
22100,'64',727,,8370,29,,,2
22200,'64',725,,8372,25,,,2
23100,'64',734,,8378,62,,,2
23200,'64',723,,8380,21,,,2
32500,'62',813,,8398,17,,,2
5003401,'51',1647,,8495,13,,,2
5003701,'51',1603,,8507,13,,,2,108,,8506,13,,,2,114,,8508,13,,,2
5003801,'51',1647,,8510,13,,,2,90,,8509,13,,,2
5004301,'61',1643,,8514,7,4,,2,95,,8516,7,4,,2,89,,8515,7,4,,2
1200000100,'51',602,,8517,46,4,,1,25,,8518,46,0,34 35 6 31,1,30,,8519,46,0,34 35 6 31,1,60,,8520,46,0,34 35 6 31,1,30,,8523,46,0,16 1 17,1,70,,8521,46,0,34 35 6 31,1
1200000201,'51',605,3,8658,1,0,29,1,35,,8663,13,0,29,1,8,,8674,1,0,29,1,7,,8661,13,0,29,1,48,,8677,1,0,29,1,11,,8665,13,0,29,1,10,,8671,13,0,29,1,10,,8668,13,0,29,1,10,,8660,13,0,29,1,10,,8670,13,0,29,1,59,,8673,13,0,29,1,18,,8679,13,0,29,1,15,,8659,13,0,29,1,54,,8681,13,0,29,1,14,,8664,13,0,29,1,12,,8675,13,0,29,1,12,,8662,13,0,29,1,12,,8678,13,0,29,1,55,,8666,13,0,29,1,12,,8685,13,0,29,1,17,,8684,13,0,29,1,18,,8687,13,0,29,1,54,,8683,13,0,29,1,15,,8682,13,0,29,1,15,,8688,13,0,29,1,15,,8690,13,0,29,1,55,,8691,13,0,29,1,17,,8692,13,0,29,1,15,,8686,13,0,29,1,15,,8693,13,0,29,1,55,,8694,13,0,29,1,15,,8695,13,0,29,1,16,,8696,13,0,29,1,15,,8697,13,0,29,1,55,,8689,13,0,29,1,15,,8698,13,0,29,1,14,,8700,13,0,29,1,15,,8701,13,0,29,1,57,,8702,13,0,29,1,13,,8706,13,0,29,1,14,,8699,13,0,29,1,19,,8704,13,0,29,1,58,,8709,13,0,29,1,16,,8710,13,0,29,1,18,,8712,13,0,29,1,11,,8703,13,0,29,1,53,,8714,13,0,29,1,12,,8708,13,0,29,1,14,,8716,13,0,29,1,14,,8718,13,0,29,1,49,,8720,13,0,29,1,13,,8707,13,0,29,1,12,,8713,13,0,29,1,7,,8705,13,0,29,1,7,,8721,13,0,29,1,12,,8711,13,0,29,1,53,,8715,13,0,29,1,12,,8717,13,0,29,1,14,,8722,13,0,29,1,14,,8719,13,0,29,1,60,,8723,13,0,29,1,30,,8724,13,0,29,1,72,,8726,13,0,29,1,35,,8728,13,0,29,1,69,,8730,13,0,29,1,31,,8725,13,0,29,1,68,,8727,13,0,29,1,31,,8729,13,0,29,1,86,,8731,13,0,29,1
1200000201,'52',639,,8735,1,0,29,1,76,,8732,13,0,29,1,30,,8740,13,0,29,1,69,,8738,13,0,29,1,31,,8736,13,0,29,1,71,,8742,13,0,29,1,31,,8733,13,0,29,1,71,,8741,13,0,29,1,30,,8739,13,0,29,1,70,,8744,13,0,29,1,30,,8743,13,0,29,1,70,,8734,13,0,29,1,32,,8747,13,0,29,1,71,,8748,13,0,29,1,30,,8745,13,0,29,1,70,,8746,13,0,29,1,31,,8751,13,0,29,1,70,,8750,13,0,29,1,29,,8749,13,0,29,1,71,,8754,13,0,29,1,32,,8756,13,0,29,1,70,,8752,13,0,29,1,28,,8759,13,0,29,1,70,,8758,13,0,29,1,27,,8755,13,0,29,1,67,,8757,13,0,29,1,28,,8762,13,0,29,1,69,,8753,13,0,29,1,31,,8760,13,0,29,1,67,,8763,13,0,29,1,28,,8765,13,0,29,1,70,,8764,13,0,29,1,30,,8768,13,0,29,1,70,,8761,13,0,29,1,29,,8766,13,0,29,1,88,,8767,13,0,29,1
1200000201,'53',814,,8770,13,0,29,1,31,,8772,13,0,29,1,71,,8774,13,0,29,1,31,,8776,13,0,29,1,71,,8778,13,0,29,1,30,,8782,13,0,29,1,70,,8780,13,0,29,1,30,,8784,13,0,29,1,70,,8781,13,0,29,1,32,,8779,13,0,29,1,71,,8783,13,0,29,1,30,,8785,13,0,29,1,70,,8777,13,0,29,1,31,,8786,13,0,29,1,70,,8788,13,0,29,1,29,,8791,13,0,29,1,71,,8793,13,0,29,1,32,,8795,13,0,29,1,70,,8787,13,0,29,1,28,,8789,13,0,29,1,70,,8792,13,0,29,1,27,,8794,13,0,29,1,67,,8796,13,0,29,1,28,,8798,13,0,29,1,69,,8797,13,0,29,1,31,,8790,13,0,29,1,67,,8799,13,0,29,1
1200000201,'69',1604,,8803,13,0,29,1,18,,8804,13,0,29,1
1200000300,'51',845,,8818,46,4,,1,55,,8810,46,4,,1,15,,8805,46,4,,1,15,,8813,46,4,,1,15,,8819,46,4,,1,60,,8821,46,4,,1,20,,8824,46,4,,1,20,,8823,46,4,,1,60,,8826,46,4,,1,20,,8814,46,4,,1,20,,8828,46,4,,1,62,,8830,46,4,,1,20,,8825,46,4,,1,20,,8831,46,4,,1,60,,8827,46,4,,1,18,,8833,46,4,,1,20,,8829,46,4,,1,59,,8834,46,4,,1,20,,8836,46,4,,1,19,,8832,46,4,,1,65,,8838,46,4,,1,31,,8840,48,4,,1,68,,8835,48,4,,1,29,,8837,48,4,,1,71,,8841,48,4,,1,30,,8839,48,4,,1,73,,8842,48,4,,1,24,,8844,46,4,,1,67,,8843,46,4,,1,21,,8850,46,4,,1,30,,8852,46,4,,1,72,,8853,46,4,,1,33,,8855,46,4,,1,66,,8851,46,4,,1,27,,8849,46,4,,1,70,,8854,46,4,,1,30,,8847,46,4,,1,66,,8845,46,4,,1,30,,8848,46,4,,1,68,,8846,46,4,,1
1200000300,'52',703,,8856,46,4,,1,30,,8860,46,4,,1,70,,8862,46,4,,1,31,,8864,46,4,,1,70,,8857,46,4,,1,31,,8861,46,4,,1,70,,8863,46,4,,1,31,,8865,46,4,,1,71,,8858,46,4,,1,30,,8869,46,4,,1,71,,8859,46,4,,1,30,,8866,46,4,,1,71,,8867,46,4,,1,30,,8870,46,4,,1,70,,8872,46,4,,1,30,,8874,46,4,,1,70,,8868,46,4,,1,30,,8871,46,4,,1,69,,8873,46,4,,1,29,,8875,46,4,,1,70,,8876,46,4,,1,30,,8878,46,4,,1,69,,8879,46,4,,1,30,,8881,46,4,,1,19,,8877,46,4,,1,94,,8880,46,4,,1,100,,8882,46,4,,1,96,,8883,46,4,,1,99,,8884,46,4,,1,177,,8885,46,4,,1
1200000300,'53',733,,8886,46,4,,1,70,,8888,46,4,,1,31,,8891,46,4,,1,70,,8893,46,4,,1,31,,8887,46,4,,1,70,,8889,46,4,,1,31,,8892,46,4,,1,71,,8894,46,4,,1,30,,8896,46,4,,1,71,,8890,46,4,,1,30,,8898,46,4,,1,71,,8895,46,4,,1,30,,8897,46,4,,1,70,,8900,46,4,,1,30,,8899,46,4,,1,70,,8904,46,4,,1,30,,8907,46,4,,1,69,,8901,46,4,,1,29,,8909,46,4,,1,70,,8905,46,4,,1,30,,8908,46,4,,1,69,,8902,46,4,,1,30,,8910,46,4,,1,19,,8906,46,4,,1,94,,8903,46,4,,1,157,,8911,46,4,,1
1200000301,'51',709,,8913,13,4,,1,19,,8917,13,4,,1,75,,8912,13,4,,1,29,,8927,13,4,,1,26,,8928,13,4,,1,65,,8914,13,4,,1,29,,8918,13,4,,1,67,,8922,13,4,,1,36,,8929,13,4,,1,60,,8931,13,4,,1,20,,8930,13,4,,1,20,,8933,13,4,,1,62,,8923,13,4,,1,20,,8935,13,4,,1,22,,8937,13,4,,1,60,,8932,13,4,,1,20,,8938,13,4,,1,20,,8934,13,4,,1,58,,8940,13,4,,1,20,,8936,13,4,,1,19,,8941,13,4,,1,63,,8942,13,4,,1,402,,8957,13,4,,1,24,,8956,13,4,,1,71,,8966,13,4,,1,30,,8965,13,4,,1,70,,8967,13,4,,1,33,,8961,13,4,,1
1200000301,'52',745,,8968,13,4,,1,70,,8972,13,4,,1,31,,8974,13,4,,1,71,,8976,13,4,,1,31,,8969,13,4,,1,72,,8973,13,4,,1,31,,8975,13,4,,1,71,,8977,13,4,,1,31,,8970,13,4,,1,71,,8981,13,4,,1,31,,8971,13,4,,1,71,,8978,13,4,,1,31,,8979,13,4,,1,70,,8982,13,4,,1,30,,8984,13,4,,1,70,,8986,13,4,,1,30,,8980,13,4,,1,71,,8983,13,4,,1,31,,8985,13,4,,1,67,,8987,13,4,,1,28,,8988,13,4,,1,69,,8989,13,4,,1,27,,8990,13,4,,1,67,,8992,13,4,,1
1200000301,'53',815,,8998,13,4,,1,31,,9000,13,4,,1,71,,9003,13,4,,1,31,,9005,13,4,,1,72,,8999,13,4,,1,31,,9001,13,4,,1,71,,9004,13,4,,1,31,,9006,13,4,,1,71,,9008,13,4,,1,31,,9002,13,4,,1,71,,9010,13,4,,1,31,,9007,13,4,,1,70,,9009,13,4,,1,30,,9012,13,4,,1,70,,9011,13,4,,1,30,,9015,13,4,,1,71,,9017,13,4,,1,31,,9013,13,4,,1,67,,9019,13,4,,1,28,,9016,13,4,,1,69,,9018,13,4,,1,27,,9014,13,4,,1,67,,9020,13,4,,1
1200000401,'51',1653,,9031,13,,,1,68,,9034,13,,,1,22,,9035,13,,,1
