1100,'51',553,,7806,2,,,1,73,,7810,2,,,1,28,,7807,2,,,1,74,,7811,2,,,1,30,,7808,2,,,1,58,,7812,2,,,1,30,,7814,2,,,1,74,,7813,2,,,1,30,,7815,2,,,1,75,,7818,2,,,1,30,,7816,2,,,1,73,,7819,2,,,1,30,,7817,2,,,1,77,,7820,2,,,1,70,,7821,2,,,1,48,,7822,2,,,1,70,,7824,2,,,1,35,,7823,2,,,1,70,,7825,2,,,1,80,,7827,3,,,1,28,,7826,2,,,1,22,,7829,2,,,1,66,,7828,2,,,1,76,,7830,2,,,1,28,,7832,2,,,1,30,,7831,2,,,1,100,,7833,2,,,1,100,,7834,2,,,1,100,,7835,2,,,1,100,,7836,2,,,1
1100,'52',655,,7837,2,,,1,101,,7838,2,,,1,101,,7839,2,,,1,101,,7840,2,,,1,100,,7841,2,,,1,100,,7842,2,,,1,101,,7843,2,,,1,99,,7844,2,,,1,100,,7845,2,,,1,100,,7846,2,,,1,100,,7847,2,,,1,100,,7848,2,,,1,100,,7849,2,,,1,100,,7850,2,,,1,100,,7852,2,,,1,100,,7853,2,,,1,100,,7851,2,,,1
1100,'53',857,,7854,2,,,1,101,,7855,2,,,1,100,,7856,2,,,1,100,,7857,2,,,1,101,,7858,2,,,1,99,,7859,2,,,1,100,,7860,2,,,1,100,,7861,2,,,1,100,,7862,2,,,1,100,,7863,2,,,1
1301,'51',645,,7876,10,,,2,84,,7877,10,,,2,73,,7875,10,,,2,806,,7880,10,,,2,16,,7878,10,,,2,80,,7881,10,,,2,30,,7879,10,,,2
11501,'63',1613,,8294,3,,,2
12501,'63',1607,,8298,3,,,2
12601,'63',1616,,8300,3,,,2
12701,'63',1607,,8302,3,,,2
13601,'63',1613,,8309,3,,,2
13801,'63',1609,,8312,3,,,2
15601,'63',1609,,8317,3,,,2
22501,'63',1616,,8375,3,,,2
23501,'63',1611,,8383,3,,,2
23601,'63',1611,,8385,3,0,51 1 52,2
24501,'63',1613,,8391,3,,,2
32501,'63',1608,,8399,3,,,2
34501,'63',1609,,8401,3,,,2
35501,'63',1613,,8406,3,0,9 1 43,2
37501,'63',1617,,8408,3,,,2
38501,'63',1616,,8418,3,,,2
1001101,'51',555,,8427,2,,,1,69,,8424,2,,,1,29,,8428,2,,,1,72,,8425,2,,,1,24,,8421,2,,,1,82,,8426,2,,,1,26,,8422,2,0,12 13,1,58,,8430,2,,,1,30,,8429,2,,,1,75,,8431,2,,,1,30,,8435,2,,,1,75,,8432,2,,,1,30,,8436,2,,,1,73,,8433,2,,,1,30,,8440,2,,,1,77,,8434,2,,,1,70,,8442,2,,,1,48,,8437,2,,,1,70,,8438,2,,,1,84,,8441,2,,,1,26,,8439,2,,,1,23,,8443,2,,,1,67,,8445,2,,,1,35,,8444,2,,,1,69,,8446,2,,,1,31,,8447,2,,,1,100,,8448,2,,,1,100,,8449,2,,,1,100,,8450,2,,,1,100,,8451,2,0,12 13,1
1001101,'52',755,,8453,2,,,1,101,,8454,2,,,1,101,,8455,2,,,1,100,,8456,2,,,1,98,,8457,2,,,1,100,,8460,2,,,1,101,,8458,2,,,1,100,,8459,2,,,1,100,,8461,2,,,1,100,,8462,2,,,1,101,,8463,2,,,1,100,,8464,2,,,1,100,,8465,2,,,1,100,,8466,2,,,1,100,,8467,2,,,1,100,,8468,2,0,12 13,1
1001101,'53',957,,8472,2,,,1,100,,8469,2,,,1,98,,8470,2,,,1,100,,8473,2,,,1,101,,8474,2,,,1,100,,8475,2,,,1,100,,8476,2,,,1,100,,8477,2,,,1,101,,8478,2,,,1
