2200,'51',603,,7925,17,,,2,27,,7941,55,,,2,22,,7926,17,,,2,70,,7942,17,,,2,26,,7944,55,,,2,83,,7943,17,0,14 1 15,2,88,,7927,17,,,2,35,,7931,17,,,2,72,,7928,17,,,2,32,,7932,17,,,2,70,,7929,17,,,2,30,,7933,17,,,2,71,,7930,17,,,2,30,,7934,17,,,2,70,,7945,17,,,2,30,,7935,17,,,2,69,,7946,17,,,2,74,,7938,17,,,2,31,,7936,3,,,2,25,,7939,3,,,2,148,,7937,3,,,2,34,,7947,3,,,2,100,,7940,3,,,2
2300,'51',609,,7994,47,,,2,236,,7997,47,0,14 1 15,2,70,,7976,47,,,2,36,,7979,47,,,2,70,,7977,47,,,2,31,,7980,47,,,2,70,,7978,47,,,2,30,,7981,47,,,2,71,,7983,33,,,2,30,,7982,33,,,2,70,,7984,33,,,2,30,,7986,33,,,2,72,,7985,33,,,2,33,,7987,33,,,2,71,,7996,33,,,2,117,,7998,33,,,2,75,,7995,33,,,2,28,,7988,33,,,2,71,,7990,33,,,2,27,,7989,33,,,2,78,,7991,33,,,2,102,,7992,33,,,2,95,,7993,33,,,2
2300,'52',647,,7999,47,,,2,100,,8000,47,,,2,101,,8001,47,,,2,101,,8002,47,,,2,101,,8003,47,,,2,101,,8004,47,,,2,101,,8005,47,,,2,100,,8006,33,,,2,100,,8007,33,,,2,100,,8008,33,,,2,101,,8009,33,,,2,88,,8010,33,,,2
2300,'53',747,,8011,47,,,2,101,,8012,47,,,2,101,,8013,47,,,2,101,,8014,47,,,2,101,,8015,47,,,2,101,,8016,47,,,2,100,,8017,33,,,2,100,,8018,33,,,2,100,,8019,33,,,2,101,,8020,33,,,2,88,,8021,33,,,2
2300,'67',844,,8022,11,0,14 1 15,2
2400,'51',639,,8071,23,,,2
6500,'51',642,,8286,62,,,2,59,,8287,62,,,2,30,,8285,44,,,2
22100,'64',712,,8370,17,,,2
5002300,'51',637,,8479,47,,,2,66,,8481,47,,,2,29,,8482,47,,,2,72,,8480,47,,,2
5002400,'51',702,,8489,23,,,2,28,,8487,23,,,2,72,,8488,23,,,2
1200000100,'51',556,,8517,38,0,14,1,64,,8518,38,0,34 35 6 31,1,30,,8519,38,0,34 35 6 31,1,59,,8520,38,0,34 35 6 31,1,30,,8523,38,0,16 1 17,1,71,,8521,38,0,34 35 6 31,1
1200000300,'51',618,,8806,38,0,36 37,1,16,,8809,38,0,36 37,1,14,,8811,38,0,36 37,1,10,,8815,38,0,36 37,1,49,,8808,38,0,36 37,1,10,,8816,38,0,36 37,1,10,,8817,38,0,36 37,1,10,,8812,38,0,36 37,1,15,,8820,38,0,36 37,1,56,,8822,38,0,36 37,1,16,,8807,38,0,36 37,1,15,,8818,38,0,36 37,1,15,,8810,38,0,36 37,1,55,,8805,38,0,36 37,1,15,,8813,38,0,36 37,1,15,,8819,38,0,36 37,1,20,,8821,38,0,36 37,1,60,,8824,38,0,36 37,1,20,,8823,38,0,36 37,1,20,,8826,38,0,36 37,1,60,,8814,38,0,36 37,1,20,,8828,38,0,36 37,1,62,,8830,38,0,36 37,1,20,,8825,38,0,36 37,1,20,,8831,38,0,36 37,1,60,,8827,38,0,36 37,1,18,,8833,38,0,36 37,1,20,,8829,38,0,36 37,1,19,,8834,38,0,36 37,1,60,,8836,38,0,36 37,1,19,,8832,38,0,36 37,1,65,,8838,38,0,36 37,1,31,,8840,40,0,36 37,1,67,,8835,40,0,36 37,1,29,,8837,40,0,36 37,1,71,,8841,40,0,36 37,1,31,,8839,40,0,36 37,1,73,,8842,40,0,36 37,1,24,,8844,38,0,36 37,1,27,,8843,38,0,36 37,1,61,,8850,38,0,36 37,1,30,,8852,38,0,36 37,1,72,,8853,38,0,36 37,1,33,,8855,38,0,36 37,1,66,,8851,38,0,36 37,1,27,,8849,38,0,36 37,1,70,,8854,38,0,36 37,1,30,,8847,38,0,36 37,1,66,,8845,38,0,36 37,1,30,,8848,38,0,36 37,1,68,,8846,38,0,36 37,1
1200000300,'52',656,,8856,38,0,36 37,1,70,,8860,38,0,36 37,1,30,,8862,38,0,36 37,1,71,,8864,38,0,36 37,1,30,,8857,38,0,36 37,1,71,,8861,38,0,36 37,1,30,,8863,38,0,36 37,1,71,,8865,38,0,36 37,1,71,,8858,38,0,36 37,1,30,,8869,38,0,36 37,1,71,,8859,38,0,36 37,1,30,,8866,38,0,36 37,1,71,,8867,38,0,36 37,1,30,,8870,38,0,36 37,1,70,,8872,38,0,36 37,1,30,,8874,38,0,36 37,1,70,,8868,38,0,36 37,1,30,,8871,38,0,36 37,1,69,,8873,38,0,36 37,1,30,,8875,38,0,36 37,1,70,,8876,38,0,36 37,1,30,,8878,38,0,36 37,1,69,,8879,38,0,36 37,1,30,,8881,38,0,36 37,1,19,,8877,38,0,36 37,1,94,,8880,38,0,36 37,1,100,,8882,38,0,36 37,1,96,,8883,38,0,36 37,1,99,,8884,38,0,36 37,1,177,,8885,38,0,36 37,1
1200000300,'53',726,,8886,38,0,36 37,1,30,,8888,38,0,36 37,1,71,,8891,38,0,36 37,1,30,,8893,38,0,36 37,1,71,,8887,38,0,36 37,1,30,,8889,38,0,36 37,1,71,,8892,38,0,36 37,1,71,,8894,38,0,36 37,1,30,,8896,38,0,36 37,1,71,,8890,38,0,36 37,1,30,,8898,38,0,36 37,1,71,,8895,38,0,36 37,1,30,,8897,38,0,36 37,1,70,,8900,38,0,36 37,1,30,,8899,38,0,36 37,1,70,,8904,38,0,36 37,1,30,,8907,38,0,36 37,1,69,,8901,38,0,36 37,1,30,,8909,38,0,36 37,1,70,,8905,38,0,36 37,1,30,,8908,38,0,36 37,1,69,,8902,38,0,36 37,1,30,,8910,38,0,36 37,1,19,,8906,38,0,36 37,1,94,,8903,38,0,36 37,1,157,,8911,38,0,36 37,1
2000002200,'51',644,,9108,64,0,18 19 20,2,90,,9110,36,0,18 19 20,2,100,,9112,36,0,18 19 20,2
2000002201,'51',1625,,9113,68,0,21 22 1 18 19 20 44 45,2,83,,9114,68,0,21 22 1 18 19 20 44 45,2,44,,9115,68,0,21 22 1 18 19 20 44 45,2,88,,9116,68,0,21 22 1 18 19 20 44 45,2
