1300,'51',638,,7864,26,,,2,70,,7867,26,,,2,20,,7866,26,,,2,83,,7868,26,,,2,41,,7865,26,,,2,750,,7869,26,,,2,98,,7872,26,,,2,13,,7870,26,,,2,40,,7873,26,,,2,65,,7871,26,,,2
1300,'67',855,,7874,21,,,2
1501,'51',1531,,7899,15,0,34 35 6 41,2,84,,7898,15,0,34 35 6 41,2,16,,7901,15,0,34 35 6 41,2,73,,7904,15,,,2,36,,7903,15,0,34 35 6 41,2
1601,'51',628,,7919,15,0,34 35 6 41,2,79,,7920,15,0,34 35 6 41,2,33,,7921,15,0,34 35 6 41,2,172,,7922,15,,,2
11900,'67',853,,8295,37,,,2
12900,'67',848,,8303,18,,,2
20001,'51',546,,8328,1,0,14,2,60,,8329,1,0,14,2,816,,8330,1,0,36 37,2,29,,8331,1,0,36 37,2
20001,'52',618,,8332,1,0,36 37,2,19,,8333,1,0,14,2,9,,8334,1,0,36 37,2
21001,'51',526,,8353,1,,,2,27,,8354,1,,,2,55,,8355,1,,,2,13,,8356,1,,,2,604,,8357,1,,,2,79,,8358,1,,,2,104,,8359,1,,,2,27,,8360,1,,,2,567,,8361,1,,,2
21001,'52',603,,8362,1,,,2,131,,8363,1,,,2,302,,8364,1,,,2,670,,8365,1,,,2,30,,8366,1,,,2
21001,'53',633,,8367,1,,,2,70,,8368,1,,,2,31,,8369,1,,,2
38001,'51',521,,8412,1,,,2,80,,8413,1,,,2,28,,8414,1,,,2
1200000101,'51',1522,,8526,17,,,1,30,,8527,17,,,1,69,,8528,17,,,1,35,,8529,17,,,1
1200000200,'51',547,,8531,20,,,1,55,,8535,20,,,1,15,,8537,20,,,1,16,,8538,20,,,1,15,,8540,20,,,1,55,,8544,20,,,1,17,,8530,20,,,1,15,,8545,20,,,1,16,,8534,20,,,1,54,,8541,20,,,1,14,,8532,20,,,1,15,,8543,20,,,1,19,,8536,20,,,1,54,,8549,20,,,1,17,,8548,20,,,1,17,,8551,20,,,1,14,,8547,20,,,1,55,,8546,20,,,1,15,,8552,20,,,1,15,,8554,20,,,1,15,,8555,20,,,1,55,,8556,20,,,1,15,,8550,20,,,1,15,,8557,20,,,1,15,,8558,20,,,1,55,,8559,20,,,1,16,,8560,20,,,1,15,,8561,20,,,1,15,,8553,20,,,1,55,,8562,20,,,1,14,,8564,20,,,1,15,,8565,20,,,1,15,,8566,20,,,1,61,,8563,20,,,1,12,,8568,20,,,1,15,,8571,20,,,1,15,,8572,20,,,1,55,,8574,20,,,1,12,,8567,20,,,1,14,,8575,20,,,1,15,,8570,20,,,1,53,,8577,20,,,1,8,,8581,7,,,1,8,,8579,20,,,1,15,,8583,20,,,1,15,,8569,20,,,1,57,,8582,20,,,1,15,,8584,20,,,1,15,,8573,20,,,1,15,,8576,20,,,1,55,,8578,20,,,1,15,,8585,20,,,1,15,,8580,20,,,1,70,,8588,20,,,1,30,,8587,20,,,1,70,,8592,20,,,1,30,,8586,20,,,1,70,,8594,20,,,1,32,,8589,20,,,1,70,,8591,20,,,1,32,,8593,20,,,1,67,,8595,20,,,1,30,,8590,20,0,14,1
1200000200,'52',710,,8599,20,,,1,30,,8598,20,,,1,70,,8602,20,,,1,30,,8596,20,,,1,70,,8601,20,,,1,30,,8600,20,,,1,70,,8604,20,,,1,30,,8603,20,,,1,70,,8597,20,,,1,30,,8607,20,,,1,70,,8608,20,,,1,30,,8605,20,,,1,70,,8606,20,,,1,30,,8611,20,,,1,70,,8610,20,,,1,30,,8609,20,,,1,70,,8614,20,,,1,30,,8616,20,,,1,70,,8612,20,,,1,30,,8619,20,,,1,70,,8618,20,,,1,31,,8615,20,,,1,70,,8617,20,,,1,29,,8622,20,,,1,70,,8613,20,,,1,31,,8620,20,,,1,69,,8623,20,,,1,29,,8625,20,,,1,70,,8624,20,,,1,30,,8628,20,,,1,70,,8621,20,,,1,30,,8626,20,,,1,70,,8627,20,,,1
1200000200,'53',710,,8629,20,,,1,30,,8630,20,,,1,70,,8631,20,,,1,30,,8632,20,,,1,70,,8634,20,,,1,30,,8638,20,,,1,70,,8636,20,,,1,30,,8640,20,,,1,70,,8637,20,,,1,30,,8635,20,,,1,70,,8639,20,,,1,30,,8641,20,,,1,70,,8633,20,,,1,30,,8642,20,,,1,70,,8644,20,,,1,30,,8647,20,,,1,70,,8649,20,,,1,30,,8651,20,,,1,70,,8643,20,,,1,30,,8645,20,,,1,70,,8648,20,,,1,31,,8650,20,,,1,70,,8652,20,,,1,29,,8654,20,,,1,70,,8653,20,,,1,31,,8646,20,,,1,69,,8655,20,,,1
1200000400,'51',640,,9024,22,,,1,15,,9025,22,,,1,56,,9026,22,,,1,16,,9023,22,,,1
