3101,'51',621,5,8078,1,,,2,34,4,8080,1,,,2,102,11,8081,1,,,2,145,51,8082,1,,,2,100,49,8083,1,,,2,100,49,8084,1,,,2,104,,8086,1,,,2,102,2,8085,1,,,2,101,,8087,1,,,2,100,9,8088,1,,,2,97,4,8089,1,,,2,31,4,8093,1,,,2,71,49,8090,1,,,2,33,5,8091,1,,,2,69,60,8094,1,,,2,28,6,8092,1,,,2,72,9,8095,1,,,2,295,46,8096,1,0,8,2
3701,'51',717,9,8189,1,0,32 1 33,2,105,4,8190,1,,,2,102,11,8191,1,,,2,98,,8192,1,,,2,102,2,8193,1,,,2,113,2,8194,1,,,2,102,2,8195,1,,,2,102,2,8196,1,,,2,115,7,8197,1,,,2,182,8,8198,1,,,2,71,2,8199,1,,,2,101,,8200,1,,,2,97,,8201,1,,,2,97,,8202,1,,,2,101,,8203,1,,,2,100,2,8204,1,,,2,28,,8205,1,,,2
3701,'52',648,,8206,1,,,2,100,2,8207,1,,,2,101,3,8208,1,,,2,102,2,8209,1,,,2,101,2,8210,1,,,2,156,58,8211,1,,,2,100,2,8212,1,,,2,102,4,8213,1,,,2,100,2,8214,1,,,2,100,2,8215,1,,,2,102,2,8216,1,,,2,98,,8222,1,,,2,98,,8223,1,,,2,96,4,8217,1,,,2,100,,8218,1,,,2,101,4,8219,1,,,2,98,,8220,1,,,2,28,,8221,1,,,2
3701,'53',748,,8224,1,,,2,101,3,8225,1,,,2,102,2,8226,1,,,2,101,2,8227,1,,,2,156,58,8228,1,,,2,100,2,8229,1,,,2,102,4,8230,1,,,2,100,2,8231,1,,,2,100,2,8232,1,,,2,102,2,8233,1,,,2,98,,8234,1,,,2,98,,8235,1,,,2
3800,'51',747,,8238,1,,,2,106,5,8237,1,,,2,98,17,8236,1,,,2,102,2,8239,1,,,2,153,53,8240,1,,,2,102,51,8241,1,,,2,102,2,8242,1,,,2,107,,8243,8,,,2,117,7,8244,1,,,2,74,3,8245,1,,,2,134,4,8246,1,,,2,97,,8247,1,,,2,96,,8248,1,,,2,101,4,8249,1,,,2,99,2,8250,1,,,2
3800,'52',718,2,8251,1,,,2,100,2,8252,1,,,2,103,4,8253,1,,,2,101,3,8254,1,,,2,100,,8255,1,,,2,116,2,8256,1,,,2,100,2,8257,1,,,2,102,2,8258,1,,,2,100,,8259,1,,,2,102,4,8260,1,,,2,100,2,8261,1,,,2,98,2,8265,1,,,2,96,,8266,1,,,2,100,4,8262,1,,,2,97,,8263,1,,,2,101,,8264,1,,,2
3800,'53',818,2,8267,1,,,2,103,4,8268,1,,,2,101,3,8269,1,,,2,100,2,8270,1,,,2,116,2,8271,1,,,2,100,2,8272,1,,,2,102,,8273,1,,,2,100,2,8274,1,,,2,102,4,8275,1,,,2,100,2,8276,1,,,2,98,2,8277,1,,,2,96,,8278,1,,,2
3901,'51',1623,8,8282,1,,,2,85,4,8283,1,,,2,45,9,8284,1,,,2
24101,'65',1512,,8387,8,,,2
24201,'65',1512,,8389,8,,,2
31101,'65',1516,,8393,8,,,2
35101,'65',1516,,8404,8,,,2
38101,'65',1516,,8416,8,,,2
5003700,'51',605,4,8501,1,,,2,20,,8502,1,,,2,75,,8504,1,,,2,31,,8505,1,,,2,28,11,8503,1,,,2
5003701,'51',1613,,8507,21,,,2,106,,8506,21,,,2,114,,8508,21,,,2
5003801,'51',1656,,8510,21,,,2,89,,8509,21,,,2
2000003101,'52',729,10,9119,1,,,2,102,12,9120,1,,,2,102,12,9121,1,,,2,100,10,9122,1,,,2,100,10,9123,1,,,2,102,12,9124,1,,,2,201,,9125,1,,,2,101,11,9126,1,,,2,100,10,9127,1,,,2,101,11,9128,1,,,2,98,8,9129,1,0,8,2
2000003101,'53',831,12,9131,1,,,2,102,12,9132,1,,,2,100,10,9133,1,,,2,100,10,9134,1,,,2,102,12,9135,1,,,2,201,,9136,1,,,2,101,11,9137,1,,,2,100,10,9138,1,,,2,101,11,9139,1,,,2,98,8,9140,1,0,8,2
