11100,'66',745,,8291,66,,,2
13100,'64',742,,8305,58,,,2
13801,'63',1623,,8312,18,,,2
32501,'63',1618,,8399,20,,,2
34501,'63',1621,,8401,17,,,2
5004200,'61',655,,8511,10,,,2
1200000101,'51',1541,,8526,36,,,1,72,,8527,36,,,1,31,,8528,36,,,1,71,,8529,36,,,1
1200000200,'51',543,,8533,10,,,1,15,,8531,32,,,1,55,,8535,32,,,1,8,,8539,10,,,1,7,,8537,32,,,1,8,,8542,10,,,1,9,,8538,32,,,1,55,,8540,32,,,1,16,,8544,32,,,1,17,,8530,32,,,1,15,,8545,32,,,1,55,,8534,32,,,1,14,,8541,32,,,1,14,,8532,32,,,1,15,,8543,32,,,1,59,,8536,32,,,1,14,,8549,32,,,1,17,,8548,32,,,1,17,,8551,32,,,1,54,,8547,32,,,1,15,,8546,32,,,1,15,,8552,32,,,1,15,,8554,32,,,1,55,,8555,32,,,1,15,,8556,32,,,1,15,,8550,32,,,1,15,,8557,32,,,1,55,,8558,32,,,1,15,,8559,32,,,1,16,,8560,32,,,1,15,,8561,32,,,1,55,,8553,32,,,1,15,,8562,32,,,1,14,,8564,32,,,1,15,,8565,32,,,1,55,,8566,32,,,1,21,,8563,32,,,1,12,,8568,32,,,1,16,,8571,32,,,1,55,,8572,32,,,1,15,,8574,32,,,1,12,,8567,32,,,1,14,,8575,32,,,1,55,,8570,32,,,1,15,,8577,32,,,1,8,,8581,19,,,1,8,,8579,32,,,1,13,,8583,32,,,1,55,,8569,32,,,1,17,,8582,32,,,1,14,,8584,32,,,1,15,,8573,32,,,1,54,,8576,32,,,1,15,,8578,32,,,1,15,,8585,32,,,1,15,,8580,32,,,1,70,,8588,32,,,1,30,,8587,32,,,1,70,,8592,32,,,1,30,,8586,32,,,1,69,,8594,32,,,1,32,,8589,32,,,1,70,,8591,32,,,1,32,,8593,32,,,1,66,,8595,32,,,1,30,,8590,32,0,14,1
1200000200,'52',721,,8599,32,,,1,30,,8598,32,,,1,71,,8602,32,,,1,30,,8596,32,,,1,70,,8601,32,,,1,30,,8600,32,,,1,70,,8604,32,,,1,30,,8603,32,,,1,70,,8597,32,,,1,31,,8607,32,,,1,70,,8608,32,,,1,30,,8605,32,,,1,70,,8606,32,,,1,30,,8611,32,,,1,70,,8610,32,,,1,30,,8609,32,,,1,70,,8614,32,,,1,30,,8616,32,,,1,70,,8612,32,,,1,30,,8619,32,,,1,70,,8618,32,,,1,30,,8615,32,,,1,69,,8617,32,,,1,28,,8622,32,,,1,70,,8613,32,,,1,31,,8620,32,,,1,69,,8623,32,,,1,29,,8625,32,,,1,70,,8624,32,,,1,30,,8628,32,,,1,70,,8621,32,,,1,30,,8626,32,,,1,70,,8627,32,,,1
1200000200,'53',721,,8629,32,,,1,30,,8630,32,,,1,71,,8631,32,,,1,30,,8632,32,,,1,70,,8634,32,,,1,30,,8638,32,,,1,70,,8636,32,,,1,30,,8640,32,,,1,70,,8637,32,,,1,31,,8635,32,,,1,70,,8639,32,,,1,30,,8641,32,,,1,70,,8633,32,,,1,30,,8642,32,,,1,70,,8644,32,,,1,30,,8647,32,,,1,70,,8649,32,,,1,30,,8651,32,,,1,70,,8643,32,,,1,30,,8645,32,,,1,70,,8648,32,,,1,30,,8650,32,,,1,69,,8652,32,,,1,28,,8654,32,,,1,70,,8653,32,,,1,31,,8646,32,,,1,69,,8655,32,,,1
1200000200,'69',657,,8656,10,,,1,87,,8657,10,,,1
1200000400,'51',652,,9024,34,,,1,56,,9025,34,,,1,16,,9026,34,,,1,16,,9023,34,,,1
