13101,'65',1526,,8306,23,,,2
13800,'62',830,,8311,9,,,2
34500,'62',828,,8400,36,,,2
1200000100,'51',643,,8518,64,0,34 35 6 31,1,70,,8519,64,0,34 35 6 31,1,22,,8520,64,0,34 35 6 31,1,69,,8523,64,0,16 1 17,1,29,,8521,64,0,34 35 6 31,1
1200000201,'51',621,,8658,19,0,29,1,35,,8663,31,0,29,1,49,,8674,19,0,29,1,7,,8661,31,0,29,1,8,,8677,19,0,29,1,12,,8665,31,0,29,1,10,,8671,31,0,29,1,9,,8668,31,0,29,1,49,,8660,31,0,29,1,10,,8670,31,0,29,1,19,,8673,31,0,29,1,17,,8679,31,0,29,1,55,,8659,31,0,29,1,14,,8681,31,0,29,1,14,,8664,31,0,29,1,12,,8675,31,0,29,1,12,,8662,31,0,29,1,52,,8678,31,0,29,1,15,,8666,31,0,29,1,12,,8685,31,0,29,1,17,,8684,31,0,29,1,58,,8687,31,0,29,1,14,,8683,31,0,29,1,15,,8682,31,0,29,1,15,,8688,31,0,29,1,55,,8690,31,0,29,1,15,,8691,31,0,29,1,18,,8692,31,0,29,1,15,,8686,31,0,29,1,55,,8693,31,0,29,1,14,,8694,31,0,29,1,15,,8695,31,0,29,1,16,,8696,31,0,29,1,55,,8697,31,0,29,1,15,,8689,31,0,29,1,16,,8698,31,0,29,1,14,,8700,31,0,29,1,56,,8701,31,0,29,1,18,,8702,31,0,29,1,13,,8706,31,0,29,1,14,,8699,31,0,29,1,60,,8704,31,0,29,1,18,,8709,31,0,29,1,15,,8710,31,0,29,1,58,,8712,31,0,29,1,11,,8703,31,0,29,1,11,,8714,31,0,29,1,11,,8708,31,0,29,1,14,,8716,31,0,29,1,54,,8718,31,0,29,1,9,,8720,31,0,29,1,13,,8707,31,0,29,1,12,,8713,31,0,29,1,7,,8705,31,0,29,1,7,,8721,31,0,29,1,52,,8711,31,0,29,1,13,,8715,31,0,29,1,12,,8717,31,0,29,1,14,,8722,31,0,29,1,54,,8719,31,0,29,1,20,,8723,31,0,29,1,30,,8724,31,0,29,1,72,,8726,31,0,29,1,35,,8728,31,0,29,1,68,,8730,31,0,29,1,31,,8725,31,0,29,1,67,,8727,31,0,29,1,31,,8729,31,0,29,1,86,,8731,31,0,29,1
1200000201,'52',653,,8735,19,0,29,1,76,,8732,31,0,29,1,30,,8740,31,0,29,1,70,,8738,31,0,29,1,71,,8736,31,0,29,1,31,,8742,31,0,29,1,71,,8733,31,0,29,1,31,,8741,31,0,29,1,70,,8739,31,0,29,1,30,,8744,31,0,29,1,70,,8743,31,0,29,1,30,,8734,31,0,29,1,72,,8747,31,0,29,1,31,,8748,31,0,29,1,70,,8745,31,0,29,1,30,,8746,31,0,29,1,72,,8751,31,0,29,1,30,,8750,31,0,29,1,69,,8749,31,0,29,1,31,,8754,31,0,29,1,72,,8756,31,0,29,1,30,,8752,31,0,29,1,67,,8759,31,0,29,1,30,,8758,31,0,29,1,66,,8755,31,0,29,1,27,,8757,31,0,29,1,28,,8762,31,0,29,1,69,,8753,31,0,29,1,31,,8760,31,0,29,1,67,,8763,31,0,29,1,28,,8765,31,0,29,1,70,,8764,31,0,29,1,30,,8768,31,0,29,1,70,,8761,31,0,29,1,29,,8766,31,0,29,1,88,,8767,31,0,29,1
1200000201,'53',829,,8770,31,0,29,1,71,,8772,31,0,29,1,31,,8774,31,0,29,1,71,,8776,31,0,29,1,31,,8778,31,0,29,1,70,,8782,31,0,29,1,30,,8780,31,0,29,1,70,,8784,31,0,29,1,30,,8781,31,0,29,1,72,,8779,31,0,29,1,31,,8783,31,0,29,1,70,,8785,31,0,29,1,30,,8777,31,0,29,1,72,,8786,31,0,29,1,30,,8788,31,0,29,1,69,,8791,31,0,29,1,31,,8793,31,0,29,1,72,,8795,31,0,29,1,30,,8787,31,0,29,1,67,,8789,31,0,29,1,30,,8792,31,0,29,1,66,,8794,31,0,29,1,27,,8796,31,0,29,1,28,,8798,31,0,29,1,69,,8797,31,0,29,1,31,,8790,31,0,29,1,67,,8799,31,0,29,1
1200000201,'68',1657,,8800,25,0,29,1
1200000201,'69',1623,,8803,31,0,29,1,18,,8804,31,0,29,1
1200000401,'51',1711,,9031,31,,,1,25,,9034,31,,,1,22,,9035,31,,,1
