1501,'51',1212,,7894,2,,,2,101,,7895,2,,,2,96,,7896,2,,,2,33,,7897,2,,,2,94,,7899,19,0,34 35 6 41,2,86,,7898,19,0,34 35 6 41,2,16,,7901,19,0,34 35 6 41,2,71,,7904,19,,,2,35,,7903,19,0,34 35 6 41,2,77,,7900,2,,,2,36,,7902,2,,,2,145,,7905,2,,,2,106,,7906,2,,,2,42,,7907,2,,,2
1501,'68',1640,,7908,4,,,2
1601,'51',633,,7919,19,0,34 35 6 41,2,79,,7920,19,0,34 35 6 41,2,33,,7921,19,0,34 35 6 41,2,171,,7922,19,,,2,96,,7923,2,,,2,100,,7924,2,0,34 35 6 41,2
13601,'63',1619,,8309,9,,,2
13901,'68',1632,,8314,6,,,2
15601,'63',1615,,8317,9,,,2
1001101,'51',600,,8427,13,,,1,29,,8424,13,,,1,30,,8428,13,,,1,72,,8425,13,,,1,24,,8421,13,,,1,81,,8426,13,,,1,66,,8422,13,0,12 13,1,18,,8430,13,,,1,30,,8429,13,,,1,75,,8431,13,,,1,30,,8435,13,,,1,75,,8432,13,,,1,70,,8436,13,,,1,33,,8433,13,,,1,70,,8440,13,,,1,37,,8434,13,,,1,70,,8442,13,,,1,48,,8437,13,,,1,70,,8438,13,,,1,85,,8441,13,,,1,26,,8439,13,,,1,63,,8443,13,,,1,27,,8445,13,,,1,74,,8444,13,,,1,29,,8446,13,,,1,71,,8447,13,,,1,100,,8448,13,,,1,100,,8449,13,,,1,100,,8450,13,,,1,100,,8451,13,0,12 13,1
1001101,'52',800,,8453,13,,,1,101,,8454,13,,,1,101,,8455,13,,,1,100,,8456,13,,,1,98,,8457,13,,,1,100,,8460,13,,,1,101,,8458,13,,,1,100,,8459,13,,,1,100,,8461,13,,,1,100,,8462,13,,,1,101,,8463,13,,,1,100,,8464,13,,,1,100,,8465,13,,,1,100,,8466,13,,,1,100,,8467,13,,,1,100,,8468,13,0,12 13,1
1001101,'53',1002,,8472,13,,,1,100,,8469,13,,,1,98,,8470,13,,,1,100,,8473,13,,,1,101,,8474,13,,,1,100,,8475,13,,,1,100,,8476,13,,,1,100,,8477,13,,,1,101,,8478,13,,,1
1200000100,'51',650,,8518,71,0,34 35 6 31,1,71,,8519,71,0,34 35 6 31,1,21,,8520,71,0,34 35 6 31,1,69,,8523,71,0,16 1 17,1,30,,8521,71,0,34 35 6 31,1
2000001501,'52',759,,9087,2,,,2,141,,9088,2,,,2,100,,9089,2,,,2,102,,9090,2,,,2,101,,9091,2,,,2,101,,9092,2,,,2,151,,9093,2,,,2,102,,9094,2,,,2,144,,9095,2,,,2,58,,9096,2,,,2,96,,9097,2,,,2
2000001501,'53',900,,9098,2,,,2,100,,9099,2,,,2,102,,9100,2,,,2,101,,9101,2,,,2,101,,9102,2,,,2,151,,9103,2,,,2,102,,9104,2,,,2,144,,9105,2,,,2,58,,9106,2,,,2,96,,9107,2,,,2
