3401,'51',635,,8106,19,,,2,67,,8107,19,,,2,51,,8108,19,,,2,802,,8110,19,,,2,95,,8109,23,,,2,81,,8111,19,,,2,25,,8113,19,,,2,88,,8114,19,,,2,66,,8112,19,,,2
3701,'51',749,,8189,49,0,32 1 33,2
22100,'64',737,,8370,36,,,2
22200,'64',735,,8372,32,,,2
23100,'64',744,,8378,69,,,2
24100,'64',733,,8386,18,4,,2
24200,'64',736,,8388,20,4,,2
31100,'64',755,,8392,60,,,2
35100,'64',737,,8403,46,,,2
38100,'64',741,,8415,51,,,2
5003401,'51',1658,,8495,31,,,2
2000003401,'52',748,,9170,19,,,2,85,,9171,19,,,2,85,,9172,19,,,2,85,,9173,19,,,2,47,,9174,19,,,2,85,,9175,19,,,2,87,,9176,19,,,2,81,,9177,19,,,2,134,,9178,19,,,2,86,,9179,19,,,2,84,,9180,19,,,2,48,,9181,19,,,2,84,,9182,19,,,2,83,,9183,19,,,2,82,,9184,19,,,2
2000003401,'53',833,,9185,19,,,2,85,,9186,19,,,2,85,,9187,19,,,2,47,,9188,19,,,2,85,,9189,19,,,2,87,,9190,19,,,2,81,,9191,19,,,2,134,,9192,19,,,2,86,,9193,19,,,2,84,,9194,19,,,2,48,,9195,19,,,2,84,,9196,19,,,2,83,,9197,19,,,2,82,,9198,19,,,2
