22101,'65',1517,,8371,12,,,2
22201,'65',1518,,8373,12,,,2
23101,'65',1517,,8379,12,,,2
5003700,'51',646,,8501,64,,,2,55,,8502,57,,,2,35,,8504,57,,,2,71,,8505,57,,,2,32,,8503,64,,,2
5004200,'61',706,,8511,24,,,2
1200000101,'51',1552,,8526,50,,,1,72,,8527,50,,,1,31,,8528,50,,,1,71,,8529,50,,,1
1200000200,'51',553,,8533,24,,,1,55,,8531,46,,,1,15,,8535,46,,,1,8,,8539,24,,,1,8,,8537,46,,,1,8,,8542,24,,,1,9,,8538,46,,,1,55,,8540,46,,,1,16,,8544,46,,,1,17,,8530,46,,,1,15,,8545,46,,,1,55,,8534,46,,,1,14,,8541,46,,,1,14,,8532,46,,,1,15,,8543,46,,,1,59,,8536,46,,,1,13,,8549,46,,,1,17,,8548,46,,,1,57,,8551,46,,,1,14,,8547,46,,,1,15,,8546,46,,,1,15,,8552,46,,,1,55,,8554,46,,,1,15,,8555,46,,,1,15,,8556,46,,,1,15,,8550,46,,,1,55,,8557,46,,,1,15,,8558,46,,,1,15,,8559,46,,,1,16,,8560,46,,,1,55,,8561,46,,,1,15,,8553,46,,,1,15,,8562,46,,,1,14,,8564,46,,,1,55,,8565,46,,,1,15,,8566,46,,,1,21,,8563,46,,,1,12,,8568,46,,,1,56,,8571,46,,,1,15,,8572,46,,,1,16,,8574,46,,,1,12,,8567,46,,,1,54,,8575,46,,,1,15,,8570,46,,,1,15,,8577,46,,,1,9,,8581,33,,,1,8,,8579,46,,,1,52,,8583,46,,,1,15,,8569,46,,,1,17,,8582,46,,,1,14,,8584,46,,,1,54,,8573,46,,,1,14,,8576,46,,,1,15,,8578,46,,,1,15,,8585,46,,,1,55,,8580,46,,,1,30,,8588,46,,,1,70,,8587,46,,,1,30,,8592,46,,,1,70,,8586,46,,,1,29,,8594,46,,,1,72,,8589,46,,,1,29,,8591,46,,,1,72,,8593,46,,,1,26,,8595,46,,,1,30,,8590,46,0,14,1
1200000200,'52',731,,8599,46,,,1,70,,8598,46,,,1,31,,8602,46,,,1,70,,8596,46,,,1,30,,8601,46,,,1,70,,8600,46,,,1,30,,8604,46,,,1,70,,8603,46,,,1,30,,8597,46,,,1,71,,8607,46,,,1,30,,8608,46,,,1,70,,8605,46,,,1,30,,8606,46,,,1,71,,8611,46,,,1,30,,8610,46,,,1,69,,8609,46,,,1,30,,8614,46,,,1,70,,8616,46,,,1,30,,8612,46,,,1,70,,8619,46,,,1,30,,8618,46,,,1,70,,8615,46,,,1,29,,8617,46,,,1,68,,8622,46,,,1,30,,8613,46,,,1,71,,8620,46,,,1,29,,8623,46,,,1,29,,8625,46,,,1,70,,8624,46,,,1,30,,8628,46,,,1,70,,8621,46,,,1,30,,8626,46,,,1,70,,8627,46,,,1
1200000200,'53',731,,8629,46,,,1,70,,8630,46,,,1,31,,8631,46,,,1,70,,8632,46,,,1,30,,8634,46,,,1,70,,8638,46,,,1,30,,8636,46,,,1,70,,8640,46,,,1,30,,8637,46,,,1,71,,8635,46,,,1,30,,8639,46,,,1,70,,8641,46,,,1,30,,8633,46,,,1,71,,8642,46,,,1,30,,8644,46,,,1,69,,8647,46,,,1,30,,8649,46,,,1,70,,8651,46,,,1,30,,8643,46,,,1,70,,8645,46,,,1,30,,8648,46,,,1,70,,8650,46,,,1,29,,8652,46,,,1,68,,8654,46,,,1,30,,8653,46,,,1,71,,8646,46,,,1,29,,8655,46,,,1
1200000200,'69',708,,8656,24,,,1,47,,8657,24,,,1
1200000400,'51',703,,9024,48,,,1,16,,9025,48,,,1,16,,9026,48,,,1,16,,9023,48,,,1
