3101,'51',605,,8077,36,,,2,29,,8079,36,,,2,67,,8078,68,,,2,34,,8080,68,,,2,102,,8081,68,,,2,105,,8082,68,,,2,100,,8083,68,,,2,100,,8084,68,,,2,104,,8086,68,,,2,102,,8085,68,,,2,101,,8087,68,,,2,101,,8088,68,,,2,97,,8089,68,,,2,71,,8093,68,,,2,30,,8090,68,,,2,73,,8091,68,,,2,29,,8094,68,,,2,68,,8092,68,,,2,32,,8095,68,,,2
3800,'51',806,,8238,37,,,2,105,,8237,37,,,2,98,,8236,37,,,2,102,,8239,37,,,2,113,,8240,37,,,2,102,,8241,37,,,2,102,,8242,37,,,2,109,,8243,44,,,2,116,,8244,37,,,2,72,,8245,37,,,2,134,,8246,37,,,2,97,,8247,37,,,2,96,,8248,37,,,2,101,,8249,37,,,2,99,,8250,37,,,2
3800,'52',735,,8251,37,,,2,100,,8252,37,,,2,103,,8253,37,,,2,101,,8254,37,,,2,100,,8255,37,,,2,116,,8256,37,,,2,100,,8257,37,,,2,102,,8258,37,,,2,100,,8259,37,,,2,102,,8260,37,,,2,100,,8261,37,,,2,98,,8265,37,,,2,96,,8266,37,,,2,100,,8262,37,,,2,97,,8263,37,,,2,101,,8264,37,,,2
3800,'53',835,,8267,37,,,2,103,,8268,37,,,2,101,,8269,37,,,2,100,,8270,37,,,2,116,,8271,37,,,2,100,,8272,37,,,2,102,,8273,37,,,2,100,,8274,37,,,2,102,,8275,37,,,2,100,,8276,37,,,2,98,,8277,37,,,2,96,,8278,37,,,2
3900,'51',633,,8280,12,,,2,79,,8281,12,,,2,30,,8279,12,,,2
31100,'64',739,,8392,44,,,2
38000,'51',1650,,8409,8,,,2,84,,8410,8,,,2,85,,8411,8,,,2
38100,'64',721,,8415,29,,,2
38500,'62',815,,8417,15,,,2
5003801,'51',1722,,8510,68,,,2,88,,8509,68,,,2
2000003101,'52',708,,9118,37,,,2,100,,9119,69,,,2,102,,9120,69,,,2,102,,9121,69,,,2,100,,9122,69,,,2,100,,9123,69,,,2,102,,9124,69,,,2,201,,9125,69,,,2,101,,9126,69,,,2,100,,9127,69,,,2,101,,9128,69,,,2
2000003101,'53',808,,9130,37,,,2,102,,9131,69,,,2,102,,9132,69,,,2,100,,9133,69,,,2,100,,9134,69,,,2,102,,9135,69,,,2,201,,9136,69,,,2,101,,9137,69,,,2,100,,9138,69,,,2,101,,9139,69,,,2
