2200,'1',615,,5864,40,,,2,28,,5873,78,,,2,63,,5865,40,,,2,30,,5877,40,,,2,66,,5879,78,,,2,43,,5878,40,,,2,87,,5874,40,,,2,109,,5866,40,,,2,100,,5867,40,,,2,100,,5868,40,,,2,100,,5870,40,,,2,102,,5871,40,,,2,103,,5880,26,,,2,65,,5872,26,,,2,113,,5869,26,,,2,29,,5875,26,,,2,100,,5876,26,,,2
2200,'13',847,,5881,23,0,14 1 15,2
2300,'1',612,,5924,52,,,2,196,,5919,52,,,2,40,,5927,52,,,2,73,,5904,52,,,2,36,,5906,52,,,2,70,,5905,52,,,2,30,,5907,52,,,2,70,,5908,52,,,2,30,,5909,52,,,2,70,,5912,38,,,2,30,,5910,38,,,2,70,,5913,38,,,2,30,,5911,38,,,2,71,,5914,38,,,2,73,,5915,38,,,2,33,,5917,38,,,2,119,,5918,38,,,2,77,,5916,38,,,2,24,,5925,38,,,2,71,,5920,38,,,2,30,,5926,38,,,2,73,,5921,38,,,2,102,,5922,38,,,2,95,,5923,38,,,2
2300,'13',847,,5928,16,0,14 1 15,2
2300,'2',650,,5930,52,,,2,100,,5931,52,,,2,101,,5932,52,,,2,102,,5933,52,,,2,102,,5934,52,,,2,102,,5935,52,,,2,101,,5936,52,,,2,101,,5937,38,,,2,100,,5938,38,,,2,100,,5939,38,,,2,141,,5940,38,,,2,48,,5941,38,,,2
2300,'3',750,,5942,52,,,2,101,,5943,52,,,2,102,,5944,52,,,2,102,,5945,52,,,2,102,,5946,52,,,2,101,,5947,52,,,2,101,,5948,38,,,2,100,,5949,38,,,2,100,,5950,38,,,2,141,,5951,38,,,2,48,,5952,38,,,2
22100,'15',721,,6288,25,,,2
22200,'15',723,,6289,22,,,2
23100,'15',730,,6293,59,,,2
23200,'15',716,,6294,17,,,2
5002300,'1',640,,6378,52,,,2,67,,6379,52,,,2,30,,6380,52,,,2
5002400,'1',707,,6384,28,,,2,28,,6383,28,,,2
5004300,'11',700,,6400,5,,,2,119,,6401,5,,,2
1200000100,'1',559,,7140,43,0,14,1,64,,7141,43,0,34 35 6 31,1,30,,7142,43,0,34 35 6 31,1,60,,7143,43,0,34 35 6 31,1,30,,7146,43,0,16 1 17,1,70,,7144,43,0,34 35 6 31,1
1200000300,'1',621,,7407,43,0,36 37,1,16,,7410,43,0,36 37,1,14,,7412,43,0,36 37,1,51,,7415,43,0,36 37,1,10,,7409,43,0,36 37,1,16,,7417,43,0,36 37,1,14,,7413,43,0,36 37,1,15,,7418,43,0,36 37,1,54,,7420,43,0,36 37,1,16,,7408,43,0,36 37,1,15,,7411,43,0,36 37,1,15,,7416,43,0,36 37,1,70,,7414,43,0,36 37,1,32,,7419,43,0,36 37,1,73,,7421,43,0,36 37,1,70,,7423,43,0,36 37,1,30,,7425,43,0,36 37,1,72,,7427,43,0,36 37,1,30,,7422,43,0,36 37,1,70,,7424,43,0,36 37,1,28,,7426,43,0,36 37,1,70,,7428,43,0,36 37,1,29,,7429,43,0,36 37,1,74,,7430,43,0,36 37,1,31,,7433,45,0,36 37,1,67,,7434,45,0,36 37,1,28,,7435,45,0,36 37,1,72,,7432,45,0,36 37,1,31,,7431,45,0,36 37,1,73,,7436,45,0,36 37,1,24,,7439,43,0,36 37,1,27,,7437,43,0,36 37,1,61,,7441,43,0,36 37,1,30,,7442,43,0,36 37,1,72,,7440,43,0,36 37,1,33,,7447,43,0,36 37,1,66,,7438,43,0,36 37,1,27,,7443,43,0,36 37,1,70,,7444,43,0,36 37,1,30,,7448,43,0,36 37,1,66,,7445,43,0,36 37,1,30,,7449,43,0,36 37,1,68,,7446,43,0,36 37,1
1200000300,'2',659,,7450,43,0,36 37,1,70,,7453,43,0,36 37,1,30,,7456,43,0,36 37,1,71,,7459,43,0,36 37,1,70,,7451,43,0,36 37,1,31,,7454,43,0,36 37,1,70,,7457,43,0,36 37,1,31,,7460,43,0,36 37,1,71,,7452,43,0,36 37,1,30,,7455,43,0,36 37,1,71,,7458,43,0,36 37,1,30,,7461,43,0,36 37,1,71,,7462,43,0,36 37,1,30,,7466,43,0,36 37,1,70,,7472,43,0,36 37,1,30,,7469,43,0,36 37,1,70,,7463,43,0,36 37,1,30,,7467,43,0,36 37,1,69,,7473,43,0,36 37,1,30,,7470,43,0,36 37,1,70,,7464,43,0,36 37,1,30,,7468,43,0,36 37,1,69,,7474,43,0,36 37,1,30,,7471,43,0,36 37,1,19,,7465,43,0,36 37,1,94,,7475,43,0,36 37,1,100,,7476,43,0,36 37,1,96,,7477,43,0,36 37,1,99,,7478,43,0,36 37,1,177,,7479,43,0,36 37,1
1200000300,'3',729,,7480,43,0,36 37,1,30,,7482,43,0,36 37,1,71,,7488,43,0,36 37,1,70,,7485,43,0,36 37,1,31,,7481,43,0,36 37,1,70,,7483,43,0,36 37,1,31,,7489,43,0,36 37,1,71,,7486,43,0,36 37,1,30,,7490,43,0,36 37,1,71,,7484,43,0,36 37,1,30,,7492,43,0,36 37,1,71,,7487,43,0,36 37,1,30,,7491,43,0,36 37,1,70,,7494,43,0,36 37,1,30,,7493,43,0,36 37,1,70,,7498,43,0,36 37,1,30,,7501,43,0,36 37,1,69,,7495,43,0,36 37,1,30,,7504,43,0,36 37,1,70,,7499,43,0,36 37,1,30,,7502,43,0,36 37,1,69,,7496,43,0,36 37,1,30,,7505,43,0,36 37,1,19,,7500,43,0,36 37,1,94,,7497,43,0,36 37,1,157,,7503,43,0,36 37,1
