22100,'64',735,,8370,35,,,2
22200,'64',733,,8372,31,,,2
23100,'64',742,,8378,68,,,2
5003701,'51',1611,,8507,19,,,2,106,,8506,19,,,2,114,,8508,19,,,2
5003801,'51',1654,,8510,19,,,2,89,,8509,19,,,2
1200000100,'51',633,,8518,52,0,34 35 6 31,1,70,,8519,52,0,34 35 6 31,1,21,,8520,52,0,34 35 6 31,1,30,,8523,52,0,16 1 17,1,70,,8521,52,0,34 35 6 31,1
1200000201,'51',611,,8658,7,0,29,1,35,,8663,19,0,29,1,8,,8674,7,0,29,1,47,,8661,19,0,29,1,8,,8677,7,0,29,1,12,,8665,19,0,29,1,10,,8671,19,0,29,1,10,,8668,19,0,29,1,10,,8660,19,0,29,1,50,,8670,19,0,29,1,19,,8673,19,0,29,1,17,,8679,19,0,29,1,15,,8659,19,0,29,1,54,,8681,19,0,29,1,14,,8664,19,0,29,1,12,,8675,19,0,29,1,12,,8662,19,0,29,1,12,,8678,19,0,29,1,55,,8666,19,0,29,1,12,,8685,19,0,29,1,17,,8684,19,0,29,1,18,,8687,19,0,29,1,54,,8683,19,0,29,1,15,,8682,19,0,29,1,15,,8688,19,0,29,1,15,,8690,19,0,29,1,55,,8691,19,0,29,1,17,,8692,19,0,29,1,15,,8686,19,0,29,1,15,,8693,19,0,29,1,55,,8694,19,0,29,1,15,,8695,19,0,29,1,16,,8696,19,0,29,1,55,,8697,19,0,29,1,15,,8689,19,0,29,1,15,,8698,19,0,29,1,14,,8700,19,0,29,1,15,,8701,19,0,29,1,58,,8702,19,0,29,1,13,,8706,19,0,29,1,14,,8699,19,0,29,1,60,,8704,19,0,29,1,18,,8709,19,0,29,1,15,,8710,19,0,29,1,18,,8712,19,0,29,1,51,,8703,19,0,29,1,12,,8714,19,0,29,1,12,,8708,19,0,29,1,14,,8716,19,0,29,1,14,,8718,19,0,29,1,49,,8720,19,0,29,1,13,,8707,19,0,29,1,12,,8713,19,0,29,1,7,,8705,19,0,29,1,7,,8721,19,0,29,1,12,,8711,19,0,29,1,53,,8715,19,0,29,1,12,,8717,19,0,29,1,14,,8722,19,0,29,1,14,,8719,19,0,29,1,60,,8723,19,0,29,1,30,,8724,19,0,29,1,72,,8726,19,0,29,1,35,,8728,19,0,29,1,68,,8730,19,0,29,1,31,,8725,19,0,29,1,67,,8727,19,0,29,1,31,,8729,19,0,29,1,86,,8731,19,0,29,1
1200000201,'52',644,,8735,7,0,29,1,76,,8732,19,0,29,1,30,,8740,19,0,29,1,70,,8738,19,0,29,1,31,,8736,19,0,29,1,71,,8742,19,0,29,1,31,,8733,19,0,29,1,71,,8741,19,0,29,1,30,,8739,19,0,29,1,70,,8744,19,0,29,1,30,,8743,19,0,29,1,70,,8734,19,0,29,1,32,,8747,19,0,29,1,71,,8748,19,0,29,1,30,,8745,19,0,29,1,70,,8746,19,0,29,1,32,,8751,19,0,29,1,70,,8750,19,0,29,1,29,,8749,19,0,29,1,71,,8754,19,0,29,1,72,,8756,19,0,29,1,30,,8752,19,0,29,1,27,,8759,19,0,29,1,70,,8758,19,0,29,1,26,,8755,19,0,29,1,67,,8757,19,0,29,1,28,,8762,19,0,29,1,69,,8753,19,0,29,1,31,,8760,19,0,29,1,67,,8763,19,0,29,1,28,,8765,19,0,29,1,70,,8764,19,0,29,1,30,,8768,19,0,29,1,70,,8761,19,0,29,1,29,,8766,19,0,29,1,88,,8767,19,0,29,1
1200000201,'53',820,,8770,19,0,29,1,31,,8772,19,0,29,1,71,,8774,19,0,29,1,31,,8776,19,0,29,1,71,,8778,19,0,29,1,30,,8782,19,0,29,1,70,,8780,19,0,29,1,30,,8784,19,0,29,1,70,,8781,19,0,29,1,32,,8779,19,0,29,1,71,,8783,19,0,29,1,30,,8785,19,0,29,1,70,,8777,19,0,29,1,32,,8786,19,0,29,1,70,,8788,19,0,29,1,29,,8791,19,0,29,1,71,,8793,19,0,29,1,72,,8795,19,0,29,1,30,,8787,19,0,29,1,27,,8789,19,0,29,1,70,,8792,19,0,29,1,26,,8794,19,0,29,1,67,,8796,19,0,29,1,28,,8798,19,0,29,1,69,,8797,19,0,29,1,31,,8790,19,0,29,1,67,,8799,19,0,29,1
1200000201,'68',1645,,8800,13,0,29,1
1200000201,'69',1612,,8803,19,0,29,1,18,,8804,19,0,29,1
1200000401,'51',1700,,9031,19,,,1,27,,9034,19,,,1,22,,9035,19,,,1
