2201,'51',625,4,7949,1,,,2,28,4,7965,1,0,23,2,70,11,7950,1,0,23,2,25,6,7967,1,,,2,68,8,7969,1,,,2,26,19,7966,1,,,2,66,6,7968,1,,,2,42,12,7951,1,,,2,77,14,7955,1,,,2,32,14,7952,1,,,2,70,12,7956,1,,,2,30,12,7953,1,,,2,71,13,7957,1,,,2,70,52,7954,1,,,2,30,12,7958,1,,,2,70,52,7970,1,,,2,30,12,7959,1,,,2,74,,7960,1,,,2,25,8,7962,1,,,2,15,6,7971,1,,,2,91,,7972,5,,,2,71,51,7973,1,,,2,35,16,7961,1,,,2,72,13,7963,1,,,2,26,11,7974,1,,,2,64,44,7964,1,,,2
2201,'68',1635,,7975,5,,,2
2301,'51',619,2,8041,1,,,2,30,,8045,1,,,2,110,3,8046,1,,,2,78,,8023,1,,,2,72,7,8027,1,,,2,29,15,8024,1,,,2,75,54,8028,1,,,2,31,15,8025,1,,,2,70,14,8029,1,,,2,30,14,8026,1,,,2,70,14,8030,1,,,2,31,14,8031,1,,,2,70,,8033,1,,,2,30,14,8032,1,,,2,70,14,8034,1,,,2,34,2,8044,1,,,2,82,,8042,1,,,2,104,,8043,5,,,2,106,14,8036,1,,,2,69,52,8035,1,,,2,38,20,8037,1,,,2,102,17,8038,1,,,2,90,5,8039,1,,,2,114,24,8040,1,,,2
2301,'52',656,,8047,1,,,2,100,,8048,1,,,2,101,,8049,1,,,2,101,,8050,1,,,2,101,,8051,1,,,2,141,41,8052,1,,,2,101,,8053,1,,,2,100,,8054,1,,,2,100,,8055,1,,,2,100,,8056,1,,,2,101,,8057,1,,,2,57,10,8058,1,,,2
2301,'53',756,,8059,1,,,2,101,,8060,1,,,2,101,,8061,1,,,2,101,,8062,1,,,2,141,41,8063,1,,,2,101,,8064,1,,,2,100,,8065,1,,,2,100,,8066,1,,,2,100,,8067,1,,,2,101,,8068,1,,,2,57,10,8069,1,,,2
2301,'68',1635,,8070,5,,,2
3400,'51',623,,8098,38,4,,2,117,,8099,40,4,,2,77,,8097,38,4,,2,715,,8101,29,4,,2,82,,8103,38,4,,2,102,,8102,40,4,,2,27,,8104,40,4,,2,88,,8105,40,4,,2
3401,'51',627,4,8106,1,,,2,27,,8107,1,,,2,90,4,8108,1,,,2,803,15,8110,1,,,2,92,,8109,5,,,2,83,6,8111,1,,,2,26,,8113,1,,,2,88,5,8114,1,,,2,66,,8112,1,,,2
3501,'51',559,,8115,34,4,,2,67,,8116,1,,,2,30,,8116,36,4,,2,47,47,8117,1,,,2,35,,8117,36,4,,2,11,11,8118,1,,,2,75,,8118,36,4,,2,26,22,8119,1,,,2,71,,8119,36,4,,2,7,7,8120,1,,,2,30,,8120,36,4,,2,55,55,8121,1,,,2,30,,8121,36,4,,2,15,15,8122,1,,,2,70,,8122,36,4,,2,15,15,8123,1,,,2,70,,8123,36,4,,2,15,15,8124,1,,,2,30,,8124,36,4,,2,55,55,8125,1,,,2,30,,8125,36,4,,2,58,,8126,1,,,2,30,,8126,36,4,,2,18,18,8127,1,,,2,70,,8127,36,4,,2,16,16,8128,1,,,2,74,,8128,36,4,,2,15,15,8129,1,,,2,34,,8129,36,4,,2,46,48,8130,1,,,2,33,,8130,36,4,,2,11,11,8131,1,,,2,70,,8131,36,4,,2,17,17,8132,1,,,2,66,,8132,36,4,,2,11,8,8133,1,,,2,26,,8133,36,4,,2,13,13,8134,1,,,2,64,,8134,36,4,,2,3,3,8135,1,,,2,23,,8135,36,4,,2,8,8,8136,1,,,2,63,,8136,36,4,,2,4,4,8137,1,,,2,23,,8137,36,4,,2,15,15,8138,1,,,2,63,,8138,36,4,,2,7,2,8139,1,,,2,23,,8139,36,4,,2,5,5,8140,1,,,2,63,,8140,36,4,,2,2,2,8141,1,,,2,23,,8141,36,4,,2
3501,'52',656,3,8142,1,,,2,66,,8142,36,4,,2,4,4,8143,1,,,2,26,,8143,36,4,,2,4,4,8144,1,,,2,66,,8144,36,4,,2,4,4,8145,1,,,2,26,,8145,36,4,,2,3,3,8146,1,,,2,69,,8146,36,4,,2,3,3,8147,1,,,2,30,,8147,36,4,,2,51,,8148,1,,,2,35,,8148,36,4,,2,10,10,8149,1,,,2,75,,8149,36,4,,2,10,10,8150,1,,,2,75,,8150,36,4,,2,12,,8151,1,,,2,75,,8151,36,4,,2,14,14,8152,1,,,2,35,,8152,36,4,,2,10,10,8153,1,,,2,75,,8153,36,4,,2,11,11,8154,1,,,2,75,,8154,36,4,,2,10,10,8155,1,,,2,75,,8155,36,4,,2,10,10,8156,1,,,2,35,,8156,36,4,,2,51,51,8157,1,,,2,30,,8157,36,4,,2,14,14,8158,1,,,2,70,,8158,36,4,,2,15,15,8159,1,,,2,24,,8159,36,4,,2,56,8,8160,1,,,2,24,,8160,36,4,,2,21,21,8161,1,,,2,64,,8161,36,4,,2,6,6,8162,1,,,2,24,,8162,36,4,,2,4,4,8163,1,,,2,64,,8163,36,4,,2,4,4,8164,1,,,2,24,,8164,36,4,,2,6,6,8165,1,,,2,64,,8165,36,4,,2,6,6,8166,1,,,2,24,,8166,36,4,,2,4,4,8167,1,,,2,64,,8167,36,4,,2,1,,8168,1,,,2,24,,8168,36,4,,2
3501,'53',826,,8169,1,,,2,26,,8169,36,4,,2,3,3,8170,1,,,2,69,,8170,36,4,,2,3,3,8171,1,,,2,30,,8171,36,4,,2,51,51,8172,1,,,2,35,,8172,36,4,,2,10,10,8173,1,,,2,75,,8173,36,4,,2,10,,8174,1,,,2,75,,8174,36,4,,2,12,12,8175,1,,,2,75,,8175,36,4,,2,14,14,8176,1,,,2,35,,8176,36,4,,2,10,10,8177,1,,,2,75,,8177,36,4,,2,11,11,8178,1,,,2,75,,8178,36,4,,2,10,10,8179,1,,,2,75,,8179,36,4,,2,10,10,8180,1,,,2,35,,8180,36,4,,2,51,51,8181,1,,,2,30,,8181,36,4,,2,14,14,8182,1,,,2,70,,8182,36,4,,2,15,,8184,1,,,2,24,,8184,36,4,,2,56,56,8185,1,,,2,24,,8185,36,4,,2,21,4,8183,1,,,2,64,,8183,36,4,,2
3600,'51',608,49,8186,1,,,2,23,,8186,34,4,,2,202,9,8187,1,,,2,74,,8187,34,4,,2
20001,'51',603,,8328,14,0,14,2,24,,8329,14,0,14,2,820,,8330,14,0,36 37,2,72,,8331,14,0,36 37,2
20001,'52',634,,8332,14,0,36 37,2,19,,8333,14,4,,2,51,,8334,14,0,36 37,2
5003600,'51',639,8,8496,1,,,2
1200000201,'68',1636,,8800,7,0,29,1
1200000301,'51',607,3,8915,1,,,1,28,7,8920,1,,,1,75,,8913,14,,,1,20,,8917,14,,,1,75,,8912,14,,,1,29,,8927,14,,,1,25,,8928,14,,,1,65,,8914,14,,,1,29,,8918,14,,,1,67,,8922,14,,,1,36,,8929,14,,,1,60,,8931,14,,,1,20,,8930,14,,,1,20,,8933,14,,,1,63,,8923,14,,,1,20,,8935,14,,,1,62,,8937,14,,,1,19,,8932,14,,,1,20,,8938,14,,,1,60,,8934,14,,,1,18,,8940,14,,,1,20,,8936,14,,,1,19,,8941,14,,,1,64,,8942,14,,,1,401,,8957,14,,,1,24,,8956,14,,,1,71,,8966,14,,,1,30,,8965,14,,,1,70,,8967,14,,,1,33,,8961,14,,,1,72,4,8959,1,,,1,30,2,8962,1,,,1,68,4,8960,1,,,1,30,4,8963,1,,,1,79,3,8964,1,,,1
1200000301,'52',746,,8968,14,,,1,70,,8972,14,,,1,31,,8974,14,,,1,71,,8976,14,,,1,31,,8969,14,,,1,72,,8973,14,,,1,31,,8975,14,,,1,71,,8977,14,,,1,31,,8970,14,,,1,71,,8981,14,,,1,31,,8971,14,,,1,71,,8978,14,,,1,31,,8979,14,,,1,70,,8982,14,,,1,30,,8984,14,,,1,70,,8986,14,,,1,30,,8980,14,,,1,71,,8983,14,,,1,71,,8985,14,,,1,27,,8987,14,,,1,28,,8988,14,,,1,69,,8989,14,,,1,27,,8990,14,,,1,67,,8992,14,,,1,35,4,8991,1,,,1,100,4,8993,1,,,1,96,4,8994,1,,,1,99,4,8995,1,,,1,78,2,8996,1,,,1,102,7,8997,1,,,1
1200000301,'53',816,,8998,14,,,1,31,,9000,14,,,1,71,,9003,14,,,1,31,,9005,14,,,1,72,,8999,14,,,1,31,,9001,14,,,1,71,,9004,14,,,1,31,,9006,14,,,1,71,,9008,14,,,1,31,,9002,14,,,1,71,,9010,14,,,1,31,,9007,14,,,1,70,,9009,14,,,1,30,,9012,14,,,1,70,,9011,14,,,1,30,,9015,14,,,1,71,,9017,14,,,1,71,,9013,14,,,1,27,,9019,14,,,1,28,,9016,14,,,1,69,,9018,14,,,1,27,,9014,14,,,1,67,,9020,14,,,1,35,18,9021,1,,,1,161,8,9022,1,,,1
2000003400,'52',733,,9141,38,4,,2,84,,9142,40,4,,2,87,,9143,40,4,,2,46,,9144,40,4,,2,84,,9145,40,4,,2,86,,9146,40,4,,2,85,,9147,40,4,,2,47,,9148,40,4,,2,171,,9149,40,4,,2,83,,9150,40,4,,2,47,,9151,40,4,,2,83,,9152,40,4,,2,90,,9153,40,4,,2,82,,9154,40,4,,2,44,,9155,40,4,,2
2000003400,'53',815,,9156,38,4,,2,89,,9157,40,4,,2,46,,9158,40,4,,2,84,,9159,40,4,,2,86,,9160,40,4,,2,85,,9161,40,4,,2,47,,9162,40,4,,2,171,,9163,40,4,,2,83,,9164,40,4,,2,47,,9165,40,4,,2,83,,9166,40,4,,2,90,,9167,40,4,,2,82,,9168,40,4,,2,44,,9169,40,4,,2
2000003401,'52',739,6,9170,1,,,2,85,7,9171,1,,,2,86,6,9172,1,,,2,45,5,9173,1,,,2,87,8,9174,1,,,2,85,7,9175,1,,,2,87,9,9176,1,,,2,41,3,9177,1,,,2,174,6,9178,1,,,2,86,9,9179,1,,,2,43,5,9180,1,,,2,88,10,9181,1,,,2,85,5,9182,1,,,2,83,6,9183,1,,,2,42,4,9184,1,,,2
2000003401,'53',824,9,9185,1,,,2,86,6,9186,1,,,2,45,5,9187,1,,,2,87,8,9188,1,,,2,85,7,9189,1,,,2,87,9,9190,1,,,2,41,3,9191,1,,,2,174,6,9192,1,,,2,86,9,9193,1,,,2,43,5,9194,1,,,2,88,10,9195,1,,,2,85,5,9196,1,,,2,83,6,9197,1,,,2,42,4,9198,1,,,2
