5003701,'1',1721,,6396,20,,,2
5003801,'1',1656,,6398,20,,,2,90,,6397,20,,,2
1200000100,'1',636,,7141,53,0,34 35 6 31,1,70,,7142,53,0,34 35 6 31,1,21,,7143,53,0,34 35 6 31,1,30,,7146,53,0,16 1 17,1,70,,7144,53,0,34 35 6 31,1
1200000201,'1',613,,7262,8,0,29,1,37,,7265,20,0,29,1,55,,7264,20,0,29,1,20,,7269,20,0,29,1,23,,7271,20,0,29,1,60,,7273,20,0,29,1,20,,7276,20,0,29,1,15,,7277,20,0,29,1,16,,7263,20,0,29,1,54,,7280,20,0,29,1,14,,7268,20,0,29,1,11,,7266,20,0,29,1,12,,7275,20,0,29,1,52,,7281,20,0,29,1,14,,7278,20,0,29,1,17,,7282,20,0,29,1,70,,7284,20,0,29,1,29,,7286,20,0,29,1,70,,7267,20,0,29,1,32,,7287,20,0,29,1,70,,7283,20,0,29,1,30,,7285,20,0,29,1,71,,7289,20,0,29,1,30,,7290,20,0,29,1,69,,7288,20,0,29,1,38,,7292,20,0,29,1,67,,7294,20,0,29,1,18,,7297,20,0,29,1,17,,7295,20,0,29,1,57,,7296,20,0,29,1,12,,7293,20,0,29,1,11,,7298,20,0,29,1,13,,7299,20,0,29,1,14,,7301,20,0,29,1,54,,7291,20,0,29,1,9,,7304,20,0,29,1,13,,7305,20,0,29,1,13,,7308,20,0,29,1,12,,7309,20,0,29,1,53,,7303,20,0,29,1,24,,7302,20,0,29,1,26,,7300,20,0,29,1,59,,7310,20,0,29,1,30,,7311,20,0,29,1,72,,7306,20,0,29,1,35,,7313,20,0,29,1,68,,7315,20,0,29,1,31,,7312,20,0,29,1,67,,7307,20,0,29,1,31,,7314,20,0,29,1,86,,7316,20,0,29,1
1200000201,'14',1646,,7317,14,0,29,1
1200000201,'2',644,,7321,8,0,29,1,79,,7318,20,0,29,1,30,,7326,20,0,29,1,71,,7324,20,0,29,1,31,,7322,20,0,29,1,71,,7328,20,0,29,1,31,,7319,20,0,29,1,71,,7327,20,0,29,1,31,,7325,20,0,29,1,72,,7330,20,0,29,1,70,,7329,20,0,29,1,31,,7320,20,0,29,1,72,,7332,20,0,29,1,31,,7334,20,0,29,1,70,,7331,20,0,29,1,30,,7336,20,0,29,1,71,,7337,20,0,29,1,30,,7333,20,0,29,1,69,,7335,20,0,29,1,31,,7339,20,0,29,1,72,,7341,20,0,29,1,29,,7338,20,0,29,1,67,,7343,20,0,29,1,29,,7344,20,0,29,1,25,,7340,20,0,29,1,65,,7342,20,0,29,1,28,,7348,20,0,29,1,69,,7347,20,0,29,1,31,,7345,20,0,29,1,67,,7349,20,0,29,1,28,,7351,20,0,29,1,70,,7350,20,0,29,1,30,,7353,20,0,29,1,70,,7346,20,0,29,1,29,,7352,20,0,29,1,89,,7354,20,0,29,1
1200000201,'27',2231,,7355,13,0,29,1,70,,7358,13,0,29,1,29,,7356,13,0,29,1,83,,7359,13,0,29,1,28,,7361,13,0,29,1,70,,7357,13,0,29,1,30,,7360,13,0,29,1
1200000201,'28',2230,,7362,13,0,29,1,70,,7365,13,0,29,1,30,,7363,13,0,29,1,83,,7366,13,0,29,1,28,,7368,13,0,29,1,70,,7364,13,0,29,1,30,,7367,13,0,29,1
1200000201,'29',2230,,7369,13,0,29,1,70,,7372,13,0,29,1,30,,7370,13,0,29,1,83,,7373,13,0,29,1,28,,7375,13,0,29,1,70,,7371,13,0,29,1,30,,7374,13,0,29,1
1200000201,'3',824,,7377,20,0,29,1,31,,7379,20,0,29,1,71,,7381,20,0,29,1,31,,7383,20,0,29,1,71,,7384,20,0,29,1,31,,7388,20,0,29,1,72,,7386,20,0,29,1,70,,7390,20,0,29,1,31,,7387,20,0,29,1,72,,7385,20,0,29,1,31,,7389,20,0,29,1,70,,7392,20,0,29,1,30,,7391,20,0,29,1,71,,7393,20,0,29,1,30,,7395,20,0,29,1,69,,7397,20,0,29,1,31,,7400,20,0,29,1,72,,7402,20,0,29,1,29,,7394,20,0,29,1,67,,7396,20,0,29,1,29,,7398,20,0,29,1,25,,7401,20,0,29,1,65,,7403,20,0,29,1,28,,7405,20,0,29,1,69,,7404,20,0,29,1,31,,7399,20,0,29,1,67,,7406,20,0,29,1
1200000401,'1',1707,,7635,20,,,1,23,,7633,20,,,1
