11901,'68',1627,,8296,6,,,2
12501,'63',1614,,8298,17,,,2
12701,'63',1614,,8302,17,,,2
12901,'68',1628,,8304,6,,,2
1200000100,'51',619,,8522,1,0,34 35 6 31,1,15,,8524,1,0,34 35 6 31,1,15,,8525,1,0,34 35 6 31,1,52,,8518,82,0,34 35 6 31,1,33,,8519,82,0,34 35 6 31,1,23,,8520,82,0,34 35 6 31,1,68,,8523,82,0,16 1 17,1,29,,8521,82,0,34 35 6 31,1
1200000201,'51',540,,8667,1,0,29,1,60,,8669,1,0,29,1,15,,8672,1,0,29,1,21,,8658,31,0,29,1,22,,8680,1,0,29,1,53,,8663,43,0,29,1,10,,8674,31,0,29,1,7,,8661,43,0,29,1,9,,8677,31,0,29,1,12,,8665,43,0,29,1,10,,8671,43,0,29,1,49,,8668,43,0,29,1,9,,8660,43,0,29,1,9,,8670,43,0,29,1,19,,8673,43,0,29,1,57,,8679,43,0,29,1,15,,8659,43,0,29,1,14,,8681,43,0,29,1,13,,8664,43,0,29,1,12,,8675,43,0,29,1,52,,8662,43,0,29,1,12,,8678,43,0,29,1,15,,8666,43,0,29,1,12,,8685,43,0,29,1,57,,8684,43,0,29,1,19,,8687,43,0,29,1,14,,8683,43,0,29,1,15,,8682,43,0,29,1,55,,8688,43,0,29,1,15,,8690,43,0,29,1,15,,8691,43,0,29,1,18,,8692,43,0,29,1,55,,8686,43,0,29,1,15,,8693,43,0,29,1,14,,8694,43,0,29,1,15,,8695,43,0,29,1,56,,8696,43,0,29,1,15,,8697,43,0,29,1,15,,8689,43,0,29,1,16,,8698,43,0,29,1,54,,8700,43,0,29,1,16,,8701,43,0,29,1,19,,8702,43,0,29,1,13,,8706,43,0,29,1,55,,8699,43,0,29,1,20,,8704,43,0,29,1,16,,8709,43,0,29,1,55,,8710,43,0,29,1,18,,8712,43,0,29,1,11,,8703,43,0,29,1,10,,8714,43,0,29,1,11,,8708,43,0,29,1,54,,8716,43,0,29,1,14,,8718,43,0,29,1,9,,8720,43,0,29,1,13,,8707,43,0,29,1,12,,8713,43,0,29,1,47,,8705,43,0,29,1,7,,8721,43,0,29,1,12,,8711,43,0,29,1,13,,8715,43,0,29,1,12,,8717,43,0,29,1,54,,8722,43,0,29,1,14,,8719,43,0,29,1,20,,8723,43,0,29,1,69,,8724,43,0,29,1,32,,8726,43,0,29,1,75,,8728,43,0,29,1,27,,8730,43,0,29,1,71,,8725,43,0,29,1,27,,8727,43,0,29,1,71,,8729,43,0,29,1,46,,8731,43,0,29,1
1200000201,'52',638,,8737,1,0,29,1,68,,8735,31,0,29,1,36,,8732,43,0,29,1,70,,8740,43,0,29,1,30,,8738,43,0,29,1,72,,8736,43,0,29,1,31,,8742,43,0,29,1,71,,8733,43,0,29,1,31,,8741,43,0,29,1,71,,8739,43,0,29,1,30,,8744,43,0,29,1,70,,8743,43,0,29,1,30,,8734,43,0,29,1,72,,8747,43,0,29,1,31,,8748,43,0,29,1,70,,8745,43,0,29,1,30,,8746,43,0,29,1,72,,8751,43,0,29,1,30,,8750,43,0,29,1,69,,8749,43,0,29,1,31,,8754,43,0,29,1,72,,8756,43,0,29,1,30,,8752,43,0,29,1,65,,8759,43,0,29,1,30,,8758,43,0,29,1,66,,8755,43,0,29,1,27,,8757,43,0,29,1,68,,8762,43,0,29,1,29,,8753,43,0,29,1,71,,8760,43,0,29,1,27,,8763,43,0,29,1,68,,8765,43,0,29,1,30,,8764,43,0,29,1,70,,8768,43,0,29,1,30,,8761,43,0,29,1,68,,8766,43,0,29,1,48,,8767,43,0,29,1
1200000201,'53',638,,8769,1,0,29,1,68,,8771,1,0,29,1,32,,8773,1,0,29,1,70,,8775,1,0,29,1,34,,8770,43,0,29,1,72,,8772,43,0,29,1,31,,8774,43,0,29,1,71,,8776,43,0,29,1,31,,8778,43,0,29,1,71,,8782,43,0,29,1,30,,8780,43,0,29,1,70,,8784,43,0,29,1,30,,8781,43,0,29,1,72,,8779,43,0,29,1,31,,8783,43,0,29,1,70,,8785,43,0,29,1,30,,8777,43,0,29,1,72,,8786,43,0,29,1,30,,8788,43,0,29,1,69,,8791,43,0,29,1,31,,8793,43,0,29,1,72,,8795,43,0,29,1,30,,8787,43,0,29,1,65,,8789,43,0,29,1,30,,8792,43,0,29,1,66,,8794,43,0,29,1,27,,8796,43,0,29,1,68,,8798,43,0,29,1,29,,8797,43,0,29,1,71,,8790,43,0,29,1,27,,8799,43,0,29,1
1200000201,'68',1713,,8800,37,0,29,1
1200000201,'69',1640,,8803,43,0,29,1,17,,8804,43,0,29,1
1200000401,'51',1459,,9032,1,,,1,70,,9033,1,,,1,198,,9031,43,,,1,24,,9034,43,,,1,62,,9035,43,,,1
