1300,'45',729,,9203,27,,,2
1300,'46',729,,7866,27,,,2
1300,'51',639,,7864,27,,,2,70,,7867,27,,,2,103,,7868,27,,,2,41,,7865,27,,,2,750,,7869,27,,,2,98,,7872,27,,,2,13,,7870,27,,,2,40,,7873,27,,,2,65,,7871,27,,,2
1300,'67',856,,7874,22,,,2
1501,'51',1532,,7899,16,0,34 35 6 41,2,84,,7898,16,0,34 35 6 41,2,16,,7901,16,0,34 35 6 41,2,73,,7904,16,,,2,36,,7903,16,0,34 35 6 41,2
1501,'68',1634,3,7908,1,,,2
1601,'51',629,,7919,16,0,34 35 6 41,2,79,,7920,16,0,34 35 6 41,2,33,,7921,16,0,34 35 6 41,2,172,,7922,16,,,2
11900,'67',853,,8295,38,,,2
12900,'67',848,,8303,19,,,2
20001,'51',546,,8328,2,0,14,2,60,,8329,2,0,14,2,816,,8330,2,0,36 37,2,29,,8331,2,0,36 37,2
20001,'52',618,,8332,2,0,36 37,2,19,,8333,2,0,14,2,9,,8334,2,0,36 37,2
21001,'51',526,,8353,2,,,2,27,,8354,2,,,2,55,,8355,2,,,2,13,,8356,2,,,2,1381,,8361,2,,,2
21001,'52',603,,8362,2,,,2,131,,8363,2,,,2,302,,8364,2,,,2,670,,8365,2,,,2,30,,8366,2,,,2
21001,'53',633,,8367,2,,,2,70,,8368,2,,,2,31,,8369,2,,,2
38001,'51',521,,8412,2,,,2,80,,8413,2,,,2,28,,8414,2,,,2
1200000101,'51',1522,,8526,18,,,1,31,,8527,18,,,1,68,,8528,18,,,1,35,,8529,18,,,1
1200000200,'51',548,,8531,21,,,1,55,,8535,21,,,1,15,,8537,21,,,1,16,,8538,21,,,1,15,,8540,21,,,1,55,,8544,21,,,1,17,,8530,21,,,1,15,,8545,21,,,1,16,,8534,21,,,1,54,,8541,21,,,1,14,,8532,21,,,1,15,,8543,21,,,1,18,,8536,21,,,1,55,,8549,21,,,1,17,,8548,21,,,1,17,,8551,21,,,1,14,,8547,21,,,1,55,,8546,21,,,1,15,,8552,21,,,1,15,,8554,21,,,1,15,,8555,21,,,1,55,,8556,21,,,1,15,,8550,21,,,1,15,,8557,21,,,1,15,,8558,21,,,1,54,,8559,21,,,1,17,,8560,21,,,1,15,,8561,21,,,1,15,,8553,21,,,1,55,,8562,21,,,1,14,,8564,21,,,1,15,,8565,21,,,1,15,,8566,21,,,1,61,,8563,21,,,1,12,,8568,21,,,1,15,,8571,21,,,1,15,,8572,21,,,1,55,,8574,21,,,1,12,,8567,21,,,1,13,,8575,21,,,1,15,,8570,21,,,1,54,,8577,21,,,1,8,,8581,8,,,1,8,,8579,21,,,1,14,,8583,21,,,1,15,,8569,21,,,1,57,,8582,21,,,1,16,,8584,21,,,1,15,,8573,21,,,1,15,,8576,21,,,1,55,,8578,21,,,1,15,,8585,21,,,1,15,,8580,21,,,1,70,,8588,21,,,1,30,,8587,21,,,1,70,,8592,21,,,1,30,,8586,21,,,1,69,,8594,21,,,1,32,,8589,21,,,1,70,,8591,21,,,1,32,,8593,21,,,1,67,,8595,21,,,1,30,,8590,21,0,14,1
1200000200,'52',711,,8599,21,,,1,30,,8598,21,,,1,70,,8602,21,,,1,30,,8596,21,,,1,70,,8601,21,,,1,30,,8600,21,,,1,70,,8604,21,,,1,30,,8603,21,,,1,70,,8597,21,,,1,30,,8607,21,,,1,70,,8608,21,,,1,30,,8605,21,,,1,70,,8606,21,,,1,30,,8611,21,,,1,70,,8610,21,,,1,30,,8609,21,,,1,70,,8614,21,,,1,30,,8616,21,,,1,70,,8612,21,,,1,30,,8619,21,,,1,70,,8618,21,,,1,31,,8615,21,,,1,69,,8617,21,,,1,29,,8622,21,,,1,70,,8613,21,,,1,31,,8620,21,,,1,69,,8623,21,,,1,29,,8625,21,,,1,70,,8624,21,,,1,30,,8628,21,,,1,70,,8621,21,,,1,30,,8626,21,,,1,70,,8627,21,,,1
1200000200,'53',711,,8629,21,,,1,30,,8630,21,,,1,70,,8631,21,,,1,30,,8632,21,,,1,70,,8634,21,,,1,30,,8638,21,,,1,70,,8636,21,,,1,30,,8640,21,,,1,70,,8637,21,,,1,30,,8635,21,,,1,70,,8639,21,,,1,30,,8641,21,,,1,70,,8633,21,,,1,30,,8642,21,,,1,70,,8644,21,,,1,30,,8647,21,,,1,70,,8649,21,,,1,30,,8651,21,,,1,70,,8643,21,,,1,30,,8645,21,,,1,70,,8648,21,,,1,31,,8650,21,,,1,69,,8652,21,,,1,29,,8654,21,,,1,70,,8653,21,,,1,31,,8646,21,,,1,69,,8655,21,,,1
1200000400,'51',641,,9024,23,,,1,15,,9025,23,,,1,55,,9026,23,,,1,16,,9023,23,,,1
