20000,'51',851,,8323,10,,,2,69,,8321,10,,,2,27,,8320,10,,,2,69,,8322,10,,,2
5002301,'51',1541,,8486,10,,,2,84,,8484,10,,,2,28,,8483,10,,,2,160,,8485,10,,,2
5002401,'51',1542,,8492,10,,,2,84,,8490,10,,,2,28,,8491,10,,,2
5003401,'51',1622,,8495,10,,,2
5003601,'51',1540,,8498,10,,,2,81,,8499,10,,,2,24,,8500,10,,,2
5003701,'51',1541,,8507,10,,,2,105,,8506,10,,,2,164,,8508,10,,,2
5003801,'51',1622,,8510,10,,,2,94,,8509,10,,,2
1200000201,'51',629,,8663,10,0,29,1,15,,8661,10,0,29,1,59,,8665,10,0,29,1,10,,8671,10,0,29,1,10,,8668,10,0,29,1,9,,8660,10,0,29,1,10,,8670,10,0,29,1,59,,8673,10,0,29,1,18,,8679,10,0,29,1,15,,8659,10,0,29,1,14,,8681,10,0,29,1,54,,8664,10,0,29,1,12,,8675,10,0,29,1,12,,8662,10,0,29,1,13,,8678,10,0,29,1,15,,8666,10,0,29,1,52,,8685,10,0,29,1,17,,8684,10,0,29,1,18,,8687,10,0,29,1,14,,8683,10,0,29,1,55,,8682,10,0,29,1,15,,8688,10,0,29,1,15,,8690,10,0,29,1,15,,8691,10,0,29,1,56,,8692,10,0,29,1,15,,8686,10,0,29,1,15,,8693,10,0,29,1,15,,8694,10,0,29,1,55,,8695,10,0,29,1,16,,8696,10,0,29,1,15,,8697,10,0,29,1,15,,8689,10,0,29,1,55,,8698,10,0,29,1,14,,8700,10,0,29,1,15,,8701,10,0,29,1,16,,8702,10,0,29,1,51,,8706,10,0,29,1,11,,8699,10,0,29,1,16,,8704,10,0,29,1,15,,8709,10,0,29,1,55,,8710,10,0,29,1,18,,8712,10,0,29,1,11,,8703,10,0,29,1,13,,8714,10,0,29,1,55,,8708,10,0,29,1,15,,8716,10,0,29,1,17,,8718,10,0,29,1,10,,8720,10,0,29,1,14,,8707,10,0,29,1,53,,8713,10,0,29,1,8,,8705,10,0,29,1,8,,8721,10,0,29,1,13,,8711,10,0,29,1,14,,8715,10,0,29,1,53,,8717,10,0,29,1,14,,8722,10,0,29,1,14,,8719,10,0,29,1,20,,8723,10,0,29,1,70,,8724,10,0,29,1,32,,8726,10,0,29,1,75,,8728,10,0,29,1,70,,8730,10,0,29,1,31,,8725,10,0,29,1,68,,8727,10,0,29,1,31,,8729,10,0,29,1,86,,8731,10,0,29,1
1200000201,'52',706,,8732,10,0,29,1,30,,8740,10,0,29,1,69,,8738,10,0,29,1,31,,8736,10,0,29,1,71,,8742,10,0,29,1,30,,8733,10,0,29,1,71,,8741,10,0,29,1,30,,8739,10,0,29,1,70,,8744,10,0,29,1,30,,8743,10,0,29,1,70,,8734,10,0,29,1,32,,8747,10,0,29,1,70,,8748,10,0,29,1,30,,8745,10,0,29,1,70,,8746,10,0,29,1,31,,8751,10,0,29,1,70,,8750,10,0,29,1,29,,8749,10,0,29,1,71,,8754,10,0,29,1,32,,8756,10,0,29,1,70,,8752,10,0,29,1,29,,8759,10,0,29,1,70,,8758,10,0,29,1,27,,8755,10,0,29,1,67,,8757,10,0,29,1,28,,8762,10,0,29,1,69,,8753,10,0,29,1,31,,8760,10,0,29,1,67,,8763,10,0,29,1,28,,8765,10,0,29,1,71,,8764,10,0,29,1,30,,8768,10,0,29,1,70,,8761,10,0,29,1,29,,8766,10,0,29,1,88,,8767,10,0,29,1
1200000201,'53',805,,8770,10,0,29,1,31,,8772,10,0,29,1,71,,8774,10,0,29,1,30,,8776,10,0,29,1,71,,8778,10,0,29,1,30,,8782,10,0,29,1,70,,8780,10,0,29,1,30,,8784,10,0,29,1,70,,8781,10,0,29,1,32,,8779,10,0,29,1,70,,8783,10,0,29,1,30,,8785,10,0,29,1,70,,8777,10,0,29,1,31,,8786,10,0,29,1,70,,8788,10,0,29,1,29,,8791,10,0,29,1,71,,8793,10,0,29,1,32,,8795,10,0,29,1,70,,8787,10,0,29,1,29,,8789,10,0,29,1,70,,8792,10,0,29,1,27,,8794,10,0,29,1,67,,8796,10,0,29,1,28,,8798,10,0,29,1,69,,8797,10,0,29,1,31,,8790,10,0,29,1,67,,8799,10,0,29,1
1200000201,'69',1542,,8803,10,0,29,1,16,,8804,10,0,29,1
1200000301,'51',657,,8913,10,,,1,59,,8917,10,,,1,34,,8912,10,,,1,69,,8927,10,,,1,26,,8928,10,,,1,65,,8914,10,,,1,30,,8918,10,,,1,67,,8922,10,,,1,36,,8929,10,,,1,60,,8931,10,,,1,20,,8930,10,,,1,20,,8933,10,,,1,61,,8923,10,,,1,20,,8935,10,,,1,22,,8937,10,,,1,60,,8932,10,,,1,20,,8938,10,,,1,20,,8934,10,,,1,58,,8940,10,,,1,20,,8936,10,,,1,19,,8941,10,,,1,60,,8942,10,,,1,17,,8939,10,,,1,13,,8944,10,,,1,18,,8943,10,,,1,57,,8952,10,,,1,19,,8949,10,,,1,12,,8951,10,,,1,16,,8946,10,,,1,56,,8945,10,,,1,17,,8955,10,,,1,17,,8953,10,,,1,14,,8958,10,,,1,48,,8948,10,,,1,8,,8950,10,,,1,15,,8947,10,,,1,18,,8954,10,,,1,62,,8957,10,,,1,24,,8956,10,,,1,71,,8966,10,,,1,30,,8965,10,,,1,70,,8967,10,,,1,33,,8961,10,,,1
1200000301,'52',735,,8968,10,,,1,70,,8972,10,,,1,31,,8974,10,,,1,71,,8976,10,,,1,30,,8969,10,,,1,72,,8973,10,,,1,30,,8975,10,,,1,71,,8977,10,,,1,31,,8970,10,,,1,71,,8981,10,,,1,31,,8971,10,,,1,70,,8978,10,,,1,31,,8979,10,,,1,70,,8982,10,,,1,30,,8984,10,,,1,70,,8986,10,,,1,30,,8980,10,,,1,71,,8983,10,,,1,31,,8985,10,,,1,68,,8987,10,,,1,29,,8988,10,,,1,69,,8989,10,,,1,27,,8990,10,,,1,67,,8992,10,,,1
1200000301,'53',805,,8998,10,,,1,31,,9000,10,,,1,71,,9003,10,,,1,30,,9005,10,,,1,72,,8999,10,,,1,30,,9001,10,,,1,71,,9004,10,,,1,31,,9006,10,,,1,71,,9008,10,,,1,31,,9002,10,,,1,70,,9010,10,,,1,31,,9007,10,,,1,70,,9009,10,,,1,30,,9012,10,,,1,70,,9011,10,,,1,30,,9015,10,,,1,71,,9017,10,,,1,31,,9013,10,,,1,68,,9019,10,,,1,29,,9016,10,,,1,69,,9018,10,,,1,27,,9014,10,,,1,67,,9020,10,,,1
1200000401,'51',1628,,9031,10,,,1,30,,9034,10,,,1,65,,9035,10,,,1
