3101,'51',607,,8077,39,,,2,29,,8079,39,,,2,68,,8078,71,,,2,34,,8080,71,,,2,101,,8081,71,,,2,105,,8082,71,,,2,100,,8083,71,,,2,100,,8084,71,,,2,104,,8086,71,,,2,102,,8085,71,,,2,101,,8087,71,,,2,101,,8088,71,,,2,97,,8089,71,,,2,71,,8093,71,,,2,30,,8090,71,,,2,73,,8091,71,,,2,29,,8094,71,,,2,68,,8092,71,,,2,32,,8095,71,,,2
3800,'51',808,,8238,40,,,2,105,,8237,40,,,2,98,,8236,40,,,2,102,,8239,40,,,2,113,,8240,40,,,2,102,,8241,40,,,2,102,,8242,40,,,2,109,,8243,47,,,2,116,,8244,40,,,2,72,,8245,40,,,2,174,,8246,40,,,2,57,,8247,40,,,2,96,,8248,40,,,2,101,,8249,40,,,2,99,,8250,40,,,2
3800,'52',737,,8251,40,,,2,100,,8252,40,,,2,103,,8253,40,,,2,101,,8254,40,,,2,100,,8255,40,,,2,116,,8256,40,,,2,100,,8257,40,,,2,102,,8258,40,,,2,100,,8259,40,,,2,142,,8260,40,,,2,100,,8261,40,,,2,58,,8265,40,,,2,96,,8266,40,,,2,100,,8262,40,,,2,97,,8263,40,,,2,101,,8264,40,,,2
3800,'53',837,,8267,40,,,2,103,,8268,40,,,2,101,,8269,40,,,2,100,,8270,40,,,2,116,,8271,40,,,2,100,,8272,40,,,2,102,,8273,40,,,2,100,,8274,40,,,2,142,,8275,40,,,2,100,,8276,40,,,2,58,,8277,40,,,2,96,,8278,40,,,2
3900,'51',636,,8280,23,,,2,79,,8281,23,,,2,30,,8279,23,,,2
31100,'64',744,,8392,50,,,2
35100,'64',728,,8403,35,,,2
35500,'62',823,,8405,36,0,38 1 7 37,2
38000,'51',1652,,8409,11,,,2,84,,8410,11,,,2,84,,8411,11,,,2
38100,'64',731,,8415,42,,,2
38500,'62',820,,8417,21,,,2
5003801,'51',1724,,8510,71,,,2,88,,8509,71,,,2
2000003101,'52',710,,9118,40,,,2,100,,9119,72,,,2,102,,9120,72,,,2,102,,9121,72,,,2,100,,9122,72,,,2,100,,9123,72,,,2,102,,9124,72,,,2,201,,9125,72,,,2,101,,9126,72,,,2,100,,9127,72,,,2,101,,9128,72,,,2
2000003101,'53',810,,9130,40,,,2,102,,9131,72,,,2,102,,9132,72,,,2,100,,9133,72,,,2,100,,9134,72,,,2,102,,9135,72,,,2,201,,9136,72,,,2,101,,9137,72,,,2,100,,9138,72,,,2,101,,9139,72,,,2
