3101,'51',604,,8077,33,,,2,29,,8079,33,,,2,67,,8078,65,,,2,34,,8080,65,,,2,102,,8081,65,,,2,105,,8082,65,,,2,100,,8083,65,,,2,100,,8084,65,,,2,104,,8086,65,,,2,102,,8085,65,,,2,101,,8087,65,,,2,101,,8088,65,,,2,97,,8089,65,,,2,71,,8093,65,,,2,30,,8090,65,,,2,73,,8091,65,,,2,29,,8094,65,,,2,68,,8092,65,,,2,32,,8095,65,,,2
3800,'51',805,,8238,34,,,2,105,,8237,34,,,2,98,,8236,34,,,2,102,,8239,34,,,2,113,,8240,34,,,2,102,,8241,34,,,2,102,,8242,34,,,2,109,,8243,41,,,2,116,,8244,34,,,2,72,,8245,34,,,2,134,,8246,34,,,2,97,,8247,34,,,2,96,,8248,34,,,2,101,,8249,34,,,2,99,,8250,34,,,2
3800,'52',734,,8251,34,,,2,100,,8252,34,,,2,103,,8253,34,,,2,101,,8254,34,,,2,100,,8255,34,,,2,116,,8256,34,,,2,100,,8257,34,,,2,102,,8258,34,,,2,100,,8259,34,,,2,102,,8260,34,,,2,100,,8261,34,,,2,98,,8265,34,,,2,96,,8266,34,,,2,100,,8262,34,,,2,97,,8263,34,,,2,101,,8264,34,,,2
3800,'53',834,,8267,34,,,2,103,,8268,34,,,2,101,,8269,34,,,2,100,,8270,34,,,2,116,,8271,34,,,2,100,,8272,34,,,2,102,,8273,34,,,2,100,,8274,34,,,2,102,,8275,34,,,2,100,,8276,34,,,2,98,,8277,34,,,2,96,,8278,34,,,2
31100,'64',738,,8392,41,,,2
38100,'64',719,,8415,26,,,2
38500,'62',813,,8417,12,,,2
5003801,'51',1721,,8510,65,,,2,88,,8509,65,,,2
2000003101,'52',707,,9118,34,,,2,100,,9119,66,,,2,102,,9120,66,,,2,102,,9121,66,,,2,100,,9122,66,,,2,100,,9123,66,,,2,102,,9124,66,,,2,201,,9125,66,,,2,101,,9126,66,,,2,100,,9127,66,,,2,101,,9128,66,,,2
2000003101,'53',807,,9130,34,,,2,102,,9131,66,,,2,102,,9132,66,,,2,100,,9133,66,,,2,100,,9134,66,,,2,102,,9135,66,,,2,201,,9136,66,,,2,101,,9137,66,,,2,100,,9138,66,,,2,101,,9139,66,,,2
