1301,'51',646,,7876,12,,,2,84,,7877,12,,,2,73,,7875,12,,,2,807,,7880,12,,,2,15,,7878,12,,,2,80,,7881,12,,,2,30,,7879,12,,,2
11501,'63',1613,,8294,5,,,2
12501,'63',1608,,8298,5,,,2
12601,'63',1616,,8300,5,,,2
12701,'63',1608,,8302,5,,,2
13601,'63',1614,,8309,5,,,2
13801,'63',1610,,8312,5,,,2
15601,'63',1610,,8317,5,,,2
22501,'63',1617,,8375,5,,,2
23501,'63',1612,,8383,5,,,2
23601,'63',1612,,8385,5,0,51 1 52,2
24501,'63',1613,,8391,5,,,2
32501,'63',1609,,8399,5,,,2
34501,'63',1609,,8401,5,,,2
35501,'63',1613,,8406,5,0,9 1 43,2
37501,'63',1617,,8408,5,,,2
38501,'63',1616,,8418,5,,,2
