15800,'67',851,,8318,20,,,2
20000,'51',922,,8323,21,,,2,28,,8321,21,,,2,66,,8320,21,,,2,29,,8322,21,,,2,1094,,8324,9,,,2,218,,8325,9,,,2
20000,'52',1910,,8326,9,,,2,445,,8327,9,,,2
21000,'51',1154,,8336,27,,,2,80,,8337,27,,,2,85,,8335,27,,,2,417,,8340,27,,,2,69,,8339,27,,,2,27,,8338,27,,,2,81,,8342,27,,,2,131,,8341,27,,,2
21000,'52',1252,,8343,27,,,2,173,,8344,27,,,2,231,,8345,27,,,2,71,,8346,27,,,2,322,,8347,27,,,2
21000,'53',1118,,8348,27,,,2,103,,8350,27,,,2,133,,8349,27,,,2,102,,8351,27,,,2,70,,8352,27,,,2
22500,'62',840,,8374,32,4,,2
23500,'62',838,,8382,49,4,,2
23600,'62',838,,8384,29,4,,2
24500,'62',839,,8390,22,4,,2
35000,'51',913,,8402,8,,,2
35500,'62',838,,8405,43,4,,2
37500,'62',838,,8407,30,4,,2
38000,'51',1708,,8409,22,,,2,43,,8410,22,,,2,84,,8411,22,,,2
38500,'62',835,,8417,28,4,,2
1001101,'51',608,,8427,21,,,1,30,,8424,21,,,1,70,,8428,21,,,1,33,,8425,21,,,1,64,,8421,21,,,1,41,,8426,21,,,1,65,,8422,21,4,,1,18,,8430,21,,,1,30,,8429,21,,,1,75,,8431,21,,,1,70,,8435,21,,,1,35,,8432,21,,,1,70,,8436,21,,,1,33,,8433,21,,,1,70,,8440,21,,,1,37,,8434,21,,,1,70,,8442,21,,,1,88,,8437,21,,,1,31,,8438,21,,,1,84,,8441,21,,,1,26,,8439,21,,,1,63,,8443,21,,,1,27,,8445,21,,,1,74,,8444,21,,,1,29,,8446,21,,,1,71,,8447,21,,,1,100,,8448,21,,,1,99,,8449,21,,,1,100,,8450,21,,,1,100,,8451,21,4,,1
1001101,'52',808,,8453,21,,,1,102,,8454,21,,,1,101,,8455,21,,,1,100,,8456,21,,,1,98,,8457,21,,,1,100,,8460,21,,,1,102,,8458,21,,,1,100,,8459,21,,,1,99,,8461,21,,,1,100,,8462,21,,,1,100,,8463,21,,,1,100,,8464,21,,,1,99,,8465,21,,,1,100,,8466,21,,,1,100,,8467,21,,,1,100,,8468,21,4,,1
1001101,'53',1011,,8472,21,,,1,100,,8469,21,,,1,98,,8470,21,,,1,100,,8473,21,,,1,102,,8474,21,,,1,100,,8475,21,,,1,99,,8476,21,,,1,100,,8477,21,,,1,100,,8478,21,,,1
1200000100,'51',655,,8518,77,0,34 35 6 31,1,72,,8519,77,0,34 35 6 31,1,22,,8520,77,0,34 35 6 31,1,69,,8523,77,0,16 1 17,1,29,,8521,77,0,34 35 6 31,1
