2201,'51',639,,7949,28,,,2,68,,7965,28,0,23,2,30,,7950,28,0,23,2,65,,7967,28,,,2,28,,7969,28,,,2,26,,7966,28,,,2,66,,7968,28,,,2,82,,7951,28,,,2,37,,7955,28,,,2,72,,7952,28,,,2,30,,7956,28,,,2,70,,7953,28,,,2,31,,7957,28,,,2,70,,7954,28,,,2,30,,7958,28,,,2,70,,7970,28,,,2,30,,7959,28,,,2,76,,7960,28,,,2,25,,7962,28,,,2,55,,7971,28,,,2,51,,7972,32,,,2,71,,7973,28,,,2,34,,7961,28,,,2,72,,7963,28,,,2,25,,7974,28,,,2,64,,7964,28,,,2
2201,'68',1651,,7975,32,,,2
2301,'51',625,,8041,10,,,2,30,,8045,10,,,2,150,,8046,10,,,2,38,,8023,10,,,2,72,,8027,10,,,2,29,,8024,10,,,2,75,,8028,10,,,2,31,,8025,10,,,2,70,,8029,10,,,2,30,,8026,10,,,2,70,,8030,10,,,2,31,,8031,10,,,2,70,,8033,10,,,2,30,,8032,10,,,2,70,,8034,10,,,2,34,,8044,10,,,2,82,,8042,10,,,2,106,,8043,14,,,2,104,,8036,10,,,2,69,,8035,10,,,2,38,,8037,10,,,2,102,,8038,10,,,2,90,,8039,10,,,2,154,,8040,10,,,2
2301,'52',701,,8047,10,,,2,100,,8048,10,,,2,101,,8049,10,,,2,101,,8050,10,,,2,101,,8051,10,,,2,101,,8052,10,,,2,101,,8053,10,,,2,100,,8054,10,,,2,100,,8055,10,,,2,100,,8056,10,,,2,101,,8057,10,,,2,97,,8058,10,,,2
2301,'53',801,,8059,10,,,2,101,,8060,10,,,2,101,,8061,10,,,2,101,,8062,10,,,2,101,,8063,10,,,2,101,,8064,10,,,2,100,,8065,10,,,2,100,,8066,10,,,2,100,,8067,10,,,2,101,,8068,10,,,2,97,,8069,10,,,2
2301,'68',1643,,8070,14,,,2
2401,'51',1553,,8072,3,,,2,247,,8076,3,,,2,19,,8073,3,,,2,27,,8074,3,,,2,64,,8075,3,,,2
6501,'51',1657,,8288,3,,,2,61,,8289,3,,,2,41,,8290,3,,,2
22101,'65',1534,,8371,26,,,2
5002301,'51',1611,,8486,20,,,2,46,,8484,20,,,2,66,,8483,20,,,2,109,,8485,20,,,2
5002401,'51',1612,,8492,20,,,2,46,,8490,20,,,2,65,,8491,20,,,2
1200000101,'51',1603,,8526,61,,,1,32,,8527,61,,,1,71,,8528,61,,,1,31,,8529,61,,,1
1200000301,'51',612,,8915,10,,,1,28,,8920,10,,,1,76,,8913,23,,,1,20,,8917,23,,,1,75,,8912,23,,,1,29,,8927,23,,,1,65,,8928,23,,,1,25,,8914,23,,,1,29,,8918,23,,,1,67,,8922,23,,,1,76,,8929,23,,,1,20,,8931,23,,,1,20,,8930,23,,,1,60,,8933,23,,,1,23,,8923,23,,,1,20,,8935,23,,,1,62,,8937,23,,,1,19,,8932,23,,,1,20,,8938,23,,,1,60,,8934,23,,,1,18,,8940,23,,,1,20,,8936,23,,,1,59,,8941,23,,,1,24,,8942,23,,,1,17,,8939,20,,,1,56,,8944,20,,,1,22,,8943,20,,,1,18,,8952,20,,,1,19,,8949,20,,,1,51,,8951,20,,,1,14,,8946,20,,,1,14,,8945,20,,,1,16,,8955,20,,,1,54,,8953,20,,,1,12,,8958,20,,,1,8,,8948,20,,,1,7,,8950,20,,,1,13,,8947,20,,,1,56,,8954,20,,,1,24,,8957,23,,,1,24,,8956,23,,,1,71,,8966,23,,,1,30,,8965,23,,,1,70,,8967,23,,,1,33,,8961,23,,,1,71,,8959,10,,,1,30,,8962,10,,,1,68,,8960,10,,,1,30,,8963,10,,,1,79,,8964,10,,,1
1200000301,'52',752,,8968,23,,,1,70,,8972,23,,,1,31,,8974,23,,,1,71,,8976,23,,,1,31,,8969,23,,,1,72,,8973,23,,,1,31,,8975,23,,,1,71,,8977,23,,,1,71,,8970,23,,,1,31,,8981,23,,,1,71,,8971,23,,,1,31,,8978,23,,,1,71,,8979,23,,,1,30,,8982,23,,,1,70,,8984,23,,,1,30,,8986,23,,,1,70,,8980,23,,,1,31,,8983,23,,,1,71,,8985,23,,,1,27,,8987,23,,,1,68,,8988,23,,,1,29,,8989,23,,,1,27,,8990,23,,,1,67,,8992,23,,,1,35,,8991,10,,,1,100,,8993,10,,,1,96,,8994,10,,,1,98,,8995,10,,,1,78,,8996,10,,,1,102,,8997,10,,,1
1200000301,'53',822,,8998,23,,,1,31,,9000,23,,,1,71,,9003,23,,,1,31,,9005,23,,,1,72,,8999,23,,,1,31,,9001,23,,,1,71,,9004,23,,,1,71,,9006,23,,,1,31,,9008,23,,,1,71,,9002,23,,,1,31,,9010,23,,,1,71,,9007,23,,,1,30,,9009,23,,,1,70,,9012,23,,,1,30,,9011,23,,,1,70,,9015,23,,,1,31,,9017,23,,,1,71,,9013,23,,,1,27,,9019,23,,,1,68,,9016,23,,,1,29,,9018,23,,,1,27,,9014,23,,,1,67,,9020,23,,,1,35,,9021,10,,,1,161,,9022,10,,,1
2000002200,'51',657,,9109,3,0,18 19 20 1 34 35 6 21 44 46,2,90,,9111,3,0,18 19 20 1 34 35 6 21 44 46,2
2000002201,'51',1548,,9113,3,0,21 22 1 18 19 20 44 45,2,83,,9114,3,0,21 22 1 18 19 20 44 45,2,84,,9115,3,0,21 22 1 18 19 20 44 45,2,88,,9116,3,0,21 22 1 18 19 20 44 45,2,40,,9117,3,0,21 22,2
