3101,'51',604,,8077,34,,,2,29,,8079,34,,,2,67,,8078,66,,,2,34,,8080,66,,,2,102,,8081,66,,,2,105,,8082,66,,,2,100,,8083,66,,,2,100,,8084,66,,,2,104,,8086,66,,,2,102,,8085,66,,,2,101,,8087,66,,,2,101,,8088,66,,,2,97,,8089,66,,,2,71,,8093,66,,,2,30,,8090,66,,,2,73,,8091,66,,,2,29,,8094,66,,,2,68,,8092,66,,,2,32,,8095,66,,,2
3800,'51',805,,8238,35,,,2,105,,8237,35,,,2,98,,8236,35,,,2,102,,8239,35,,,2,113,,8240,35,,,2,102,,8241,35,,,2,102,,8242,35,,,2,109,,8243,42,,,2,116,,8244,35,,,2,72,,8245,35,,,2,134,,8246,35,,,2,97,,8247,35,,,2,96,,8248,35,,,2,101,,8249,35,,,2,99,,8250,35,,,2
3800,'52',734,,8251,35,,,2,100,,8252,35,,,2,103,,8253,35,,,2,101,,8254,35,,,2,100,,8255,35,,,2,116,,8256,35,,,2,100,,8257,35,,,2,102,,8258,35,,,2,100,,8259,35,,,2,102,,8260,35,,,2,100,,8261,35,,,2,98,,8265,35,,,2,96,,8266,35,,,2,100,,8262,35,,,2,97,,8263,35,,,2,101,,8264,35,,,2
3800,'53',834,,8267,35,,,2,103,,8268,35,,,2,101,,8269,35,,,2,100,,8270,35,,,2,116,,8271,35,,,2,100,,8272,35,,,2,102,,8273,35,,,2,100,,8274,35,,,2,102,,8275,35,,,2,100,,8276,35,,,2,98,,8277,35,,,2,96,,8278,35,,,2
3900,'51',633,,8280,10,,,2,79,,8281,10,,,2,30,,8279,10,,,2
31100,'64',738,,8392,42,,,2
38000,'51',1649,,8409,6,,,2,84,,8410,6,,,2,85,,8411,6,,,2
38100,'64',719,,8415,27,,,2
38500,'62',813,,8417,13,,,2
5003801,'51',1721,,8510,66,,,2,88,,8509,66,,,2
2000003101,'52',707,,9118,35,,,2,100,,9119,67,,,2,102,,9120,67,,,2,102,,9121,67,,,2,100,,9122,67,,,2,100,,9123,67,,,2,102,,9124,67,,,2,201,,9125,67,,,2,101,,9126,67,,,2,100,,9127,67,,,2,101,,9128,67,,,2
2000003101,'53',807,,9130,35,,,2,102,,9131,67,,,2,102,,9132,67,,,2,100,,9133,67,,,2,100,,9134,67,,,2,102,,9135,67,,,2,201,,9136,67,,,2,101,,9137,67,,,2,100,,9138,67,,,2,101,,9139,67,,,2
