2300,'51',551,,7994,7,,,2,273,,7997,7,0,14 1 15,2,33,,7976,7,,,2,76,,7979,7,,,2,70,,7977,7,,,2,31,,7980,7,,,2,70,,7978,7,,,2,30,,7981,7,,,2,78,,7983,7,,,2,30,,7982,7,,,2,70,,7984,7,,,2,30,,7986,7,,,2,72,,7985,7,,,2,33,,7987,7,,,2,70,,7996,7,,,2,116,,7998,7,,,2,75,,7995,7,,,2,28,,7988,7,,,2,73,,7990,7,,,2,27,,7989,7,,,2,78,,7991,7,,,2,102,,7992,7,,,2,95,,7993,7,,,2
2300,'52',629,,7999,7,,,2,100,,8000,7,,,2,101,,8001,7,,,2,101,,8002,7,,,2,101,,8003,7,,,2,101,,8004,7,,,2,101,,8005,7,,,2,107,,8006,7,,,2,100,,8007,7,,,2,100,,8008,7,,,2,101,,8009,7,,,2,88,,8010,7,,,2
2300,'53',729,,8011,7,,,2,101,,8012,7,,,2,101,,8013,7,,,2,101,,8014,7,,,2,101,,8015,7,,,2,101,,8016,7,,,2,107,,8017,7,,,2,100,,8018,7,,,2,100,,8019,7,,,2,101,,8020,7,,,2,88,,8021,7,,,2
2301,'51',1209,,8026,55,,,2,305,,8044,55,,,2,42,,8042,55,,,2,663,,8040,55,,,2
2301,'52',1225,,8052,55,,,2,599,,8058,55,,,2
2301,'53',1225,,8063,55,,,2,599,,8069,55,,,2
23100,'64',708,,8378,19,,,2
23101,'65',1547,,8379,66,,,2
23500,'62',801,,8382,19,,,2
23501,'63',1704,,8383,40,,,2
5002300,'51',615,,8479,7,,,2,25,,8481,7,,,2,69,,8482,7,,,2,32,,8480,7,,,2
5002301,'51',1743,,8483,65,,,2,109,,8485,65,,,2
