13101,'65',1524,,8306,21,,,2
13800,'62',828,,8311,7,,,2
34500,'62',826,,8400,34,,,2
1200000100,'51',642,,8518,62,0,34 35 6 31,1,70,,8519,62,0,34 35 6 31,1,21,,8520,62,0,34 35 6 31,1,69,,8523,62,0,16 1 17,1,30,,8521,62,0,34 35 6 31,1
1200000201,'51',620,,8658,17,0,29,1,35,,8663,29,0,29,1,48,,8674,17,0,29,1,7,,8661,29,0,29,1,8,,8677,17,0,29,1,12,,8665,29,0,29,1,10,,8671,29,0,29,1,9,,8668,29,0,29,1,10,,8660,29,0,29,1,50,,8670,29,0,29,1,19,,8673,29,0,29,1,17,,8679,29,0,29,1,55,,8659,29,0,29,1,14,,8681,29,0,29,1,14,,8664,29,0,29,1,12,,8675,29,0,29,1,12,,8662,29,0,29,1,52,,8678,29,0,29,1,15,,8666,29,0,29,1,12,,8685,29,0,29,1,17,,8684,29,0,29,1,58,,8687,29,0,29,1,14,,8683,29,0,29,1,15,,8682,29,0,29,1,15,,8688,29,0,29,1,55,,8690,29,0,29,1,15,,8691,29,0,29,1,17,,8692,29,0,29,1,15,,8686,29,0,29,1,55,,8693,29,0,29,1,15,,8694,29,0,29,1,15,,8695,29,0,29,1,16,,8696,29,0,29,1,55,,8697,29,0,29,1,15,,8689,29,0,29,1,15,,8698,29,0,29,1,14,,8700,29,0,29,1,56,,8701,29,0,29,1,18,,8702,29,0,29,1,13,,8706,29,0,29,1,14,,8699,29,0,29,1,60,,8704,29,0,29,1,18,,8709,29,0,29,1,15,,8710,29,0,29,1,58,,8712,29,0,29,1,11,,8703,29,0,29,1,12,,8714,29,0,29,1,11,,8708,29,0,29,1,14,,8716,29,0,29,1,54,,8718,29,0,29,1,9,,8720,29,0,29,1,13,,8707,29,0,29,1,12,,8713,29,0,29,1,7,,8705,29,0,29,1,7,,8721,29,0,29,1,52,,8711,29,0,29,1,13,,8715,29,0,29,1,12,,8717,29,0,29,1,14,,8722,29,0,29,1,14,,8719,29,0,29,1,60,,8723,29,0,29,1,30,,8724,29,0,29,1,72,,8726,29,0,29,1,35,,8728,29,0,29,1,68,,8730,29,0,29,1,31,,8725,29,0,29,1,67,,8727,29,0,29,1,31,,8729,29,0,29,1,86,,8731,29,0,29,1
1200000201,'52',652,,8735,17,0,29,1,76,,8732,29,0,29,1,30,,8740,29,0,29,1,70,,8738,29,0,29,1,31,,8736,29,0,29,1,71,,8742,29,0,29,1,71,,8733,29,0,29,1,31,,8741,29,0,29,1,70,,8739,29,0,29,1,30,,8744,29,0,29,1,70,,8743,29,0,29,1,30,,8734,29,0,29,1,72,,8747,29,0,29,1,31,,8748,29,0,29,1,70,,8745,29,0,29,1,30,,8746,29,0,29,1,72,,8751,29,0,29,1,30,,8750,29,0,29,1,69,,8749,29,0,29,1,31,,8754,29,0,29,1,72,,8756,29,0,29,1,30,,8752,29,0,29,1,67,,8759,29,0,29,1,30,,8758,29,0,29,1,66,,8755,29,0,29,1,27,,8757,29,0,29,1,28,,8762,29,0,29,1,69,,8753,29,0,29,1,31,,8760,29,0,29,1,67,,8763,29,0,29,1,28,,8765,29,0,29,1,70,,8764,29,0,29,1,30,,8768,29,0,29,1,70,,8761,29,0,29,1,29,,8766,29,0,29,1,88,,8767,29,0,29,1
1200000201,'53',828,,8770,29,0,29,1,31,,8772,29,0,29,1,71,,8774,29,0,29,1,71,,8776,29,0,29,1,31,,8778,29,0,29,1,70,,8782,29,0,29,1,30,,8780,29,0,29,1,70,,8784,29,0,29,1,30,,8781,29,0,29,1,72,,8779,29,0,29,1,31,,8783,29,0,29,1,70,,8785,29,0,29,1,30,,8777,29,0,29,1,72,,8786,29,0,29,1,30,,8788,29,0,29,1,69,,8791,29,0,29,1,31,,8793,29,0,29,1,72,,8795,29,0,29,1,30,,8787,29,0,29,1,67,,8789,29,0,29,1,30,,8792,29,0,29,1,66,,8794,29,0,29,1,27,,8796,29,0,29,1,28,,8798,29,0,29,1,69,,8797,29,0,29,1,31,,8790,29,0,29,1,67,,8799,29,0,29,1
1200000201,'68',1655,,8800,23,0,29,1
1200000201,'69',1621,,8803,29,0,29,1,18,,8804,29,0,29,1
1200000401,'51',1709,,9031,29,,,1,26,,9034,29,,,1,22,,9035,29,,,1
