1300,'51',641,,7864,31,,,2,70,,7867,31,,,2,20,,7866,31,,,2,83,,7868,31,,,2,41,,7865,31,,,2,751,,7869,31,,,2,97,,7872,31,,,2,13,,7870,31,,,2,40,,7873,31,,,2,65,,7871,31,,,2
1300,'67',858,,7874,26,,,2
11100,'66',734,,8291,50,,,2
22500,'62',842,,8374,35,4,,2
23500,'62',840,,8382,52,4,,2
23600,'62',840,,8384,32,4,,2
24500,'62',841,,8390,25,4,,2
35500,'62',840,,8405,46,4,,2
37500,'62',840,,8407,33,4,,2
38500,'62',837,,8417,31,4,,2
1001101,'51',609,,8427,24,,,1,30,,8424,24,,,1,70,,8428,24,,,1,33,,8425,24,,,1,64,,8421,24,,,1,41,,8426,24,,,1,83,,8430,24,,,1,70,,8429,24,,,1,35,,8431,24,,,1,70,,8435,24,,,1,35,,8432,24,,,1,70,,8436,24,,,1,33,,8433,24,,,1,70,,8440,24,,,1,37,,8434,24,,,1,70,,8442,24,,,1,88,,8437,24,,,1,31,,8438,24,,,1,85,,8441,24,,,1,25,,8439,24,,,1,63,,8443,24,,,1,27,,8445,24,,,1,74,,8444,24,,,1,29,,8446,24,,,1,71,,8447,24,,,1,100,,8448,24,,,1,99,,8449,24,,,1,100,,8450,24,,,1
1001101,'52',809,,8453,24,,,1,102,,8454,24,,,1,101,,8455,24,,,1,100,,8456,24,,,1,98,,8457,24,,,1,100,,8460,24,,,1,102,,8458,24,,,1,100,,8459,24,,,1,99,,8461,24,,,1,100,,8462,24,,,1,100,,8463,24,,,1,100,,8464,24,,,1,99,,8465,24,,,1,100,,8466,24,,,1,100,,8467,24,,,1
1001101,'53',1012,,8472,24,,,1,100,,8469,24,,,1,98,,8470,24,,,1,100,,8473,24,,,1,102,,8474,24,,,1,100,,8475,24,,,1,99,,8476,24,,,1,100,,8477,24,,,1,100,,8478,24,,,1
