35500,'12',825,,6308,48,,,2
1200000100,'1',637,,7141,55,0,34 35 6 31,1,70,,7142,55,0,34 35 6 31,1,21,,7143,55,0,34 35 6 31,1,30,,7146,55,0,16 1 17,1,70,,7144,55,0,34 35 6 31,1
1200000201,'1',614,,7262,10,0,29,1,37,,7265,22,0,29,1,55,,7264,22,0,29,1,20,,7269,22,0,29,1,23,,7271,22,0,29,1,60,,7273,22,0,29,1,20,,7276,22,0,29,1,15,,7277,22,0,29,1,56,,7263,22,0,29,1,14,,7280,22,0,29,1,14,,7268,22,0,29,1,11,,7266,22,0,29,1,12,,7275,22,0,29,1,52,,7281,22,0,29,1,14,,7278,22,0,29,1,17,,7282,22,0,29,1,70,,7284,22,0,29,1,29,,7286,22,0,29,1,70,,7267,22,0,29,1,32,,7287,22,0,29,1,70,,7283,22,0,29,1,30,,7285,22,0,29,1,71,,7289,22,0,29,1,30,,7290,22,0,29,1,69,,7288,22,0,29,1,38,,7292,22,0,29,1,67,,7294,22,0,29,1,18,,7297,22,0,29,1,17,,7295,22,0,29,1,57,,7296,22,0,29,1,12,,7293,22,0,29,1,11,,7298,22,0,29,1,13,,7299,22,0,29,1,14,,7301,22,0,29,1,54,,7291,22,0,29,1,9,,7304,22,0,29,1,13,,7305,22,0,29,1,13,,7308,22,0,29,1,12,,7309,22,0,29,1,53,,7303,22,0,29,1,24,,7302,22,0,29,1,26,,7300,22,0,29,1,59,,7310,22,0,29,1,30,,7311,22,0,29,1,72,,7306,22,0,29,1,35,,7313,22,0,29,1,68,,7315,22,0,29,1,31,,7312,22,0,29,1,67,,7307,22,0,29,1,31,,7314,22,0,29,1,86,,7316,22,0,29,1
1200000201,'14',1647,,7317,16,0,29,1
1200000201,'2',645,,7321,10,0,29,1,79,,7318,22,0,29,1,30,,7326,22,0,29,1,71,,7324,22,0,29,1,31,,7322,22,0,29,1,71,,7328,22,0,29,1,31,,7319,22,0,29,1,71,,7327,22,0,29,1,71,,7325,22,0,29,1,32,,7330,22,0,29,1,70,,7329,22,0,29,1,31,,7320,22,0,29,1,72,,7332,22,0,29,1,31,,7334,22,0,29,1,70,,7331,22,0,29,1,30,,7336,22,0,29,1,71,,7337,22,0,29,1,30,,7333,22,0,29,1,69,,7335,22,0,29,1,31,,7339,22,0,29,1,72,,7341,22,0,29,1,29,,7338,22,0,29,1,67,,7343,22,0,29,1,29,,7344,22,0,29,1,25,,7340,22,0,29,1,65,,7342,22,0,29,1,28,,7348,22,0,29,1,69,,7347,22,0,29,1,31,,7345,22,0,29,1,67,,7349,22,0,29,1,28,,7351,22,0,29,1,70,,7350,22,0,29,1,30,,7353,22,0,29,1,70,,7346,22,0,29,1,29,,7352,22,0,29,1,89,,7354,22,0,29,1
1200000201,'27',2232,,7355,15,0,29,1,70,,7358,15,0,29,1,29,,7356,15,0,29,1,83,,7359,15,0,29,1,28,,7361,15,0,29,1,70,,7357,15,0,29,1,30,,7360,15,0,29,1
1200000201,'28',2231,,7362,15,0,29,1,70,,7365,15,0,29,1,30,,7363,15,0,29,1,83,,7366,15,0,29,1,28,,7368,15,0,29,1,70,,7364,15,0,29,1,30,,7367,15,0,29,1
1200000201,'29',2231,,7369,15,0,29,1,70,,7372,15,0,29,1,30,,7370,15,0,29,1,83,,7373,15,0,29,1,28,,7375,15,0,29,1,70,,7371,15,0,29,1,30,,7374,15,0,29,1
1200000201,'3',825,,7377,22,0,29,1,31,,7379,22,0,29,1,71,,7381,22,0,29,1,31,,7383,22,0,29,1,71,,7384,22,0,29,1,71,,7388,22,0,29,1,32,,7386,22,0,29,1,70,,7390,22,0,29,1,31,,7387,22,0,29,1,72,,7385,22,0,29,1,31,,7389,22,0,29,1,70,,7392,22,0,29,1,30,,7391,22,0,29,1,71,,7393,22,0,29,1,30,,7395,22,0,29,1,69,,7397,22,0,29,1,31,,7400,22,0,29,1,72,,7402,22,0,29,1,29,,7394,22,0,29,1,67,,7396,22,0,29,1,29,,7398,22,0,29,1,25,,7401,22,0,29,1,65,,7403,22,0,29,1,28,,7405,22,0,29,1,69,,7404,22,0,29,1,31,,7399,22,0,29,1,67,,7406,22,0,29,1
1200000401,'1',1708,,7635,22,,,1,23,,7633,22,,,1
