22100,'64',733,,8370,33,,,2
22200,'64',731,,8372,29,,,2
23100,'64',740,,8378,66,,,2
5003701,'51',1609,,8507,17,,,2,107,,8506,17,,,2,114,,8508,17,,,2
5003801,'51',1653,,8510,17,,,2,89,,8509,17,,,2
1200000100,'51',632,,8518,50,0,34 35 6 31,1,70,,8519,50,0,34 35 6 31,1,21,,8520,50,0,34 35 6 31,1,30,,8523,50,0,16 1 17,1,70,,8521,50,0,34 35 6 31,1
1200000201,'51',610,,8658,5,0,29,1,35,,8663,17,0,29,1,8,,8674,5,0,29,1,47,,8661,17,0,29,1,8,,8677,5,0,29,1,12,,8665,17,0,29,1,10,,8671,17,0,29,1,10,,8668,17,0,29,1,10,,8660,17,0,29,1,50,,8670,17,0,29,1,19,,8673,17,0,29,1,17,,8679,17,0,29,1,15,,8659,17,0,29,1,54,,8681,17,0,29,1,14,,8664,17,0,29,1,12,,8675,17,0,29,1,12,,8662,17,0,29,1,12,,8678,17,0,29,1,55,,8666,17,0,29,1,12,,8685,17,0,29,1,17,,8684,17,0,29,1,18,,8687,17,0,29,1,54,,8683,17,0,29,1,15,,8682,17,0,29,1,15,,8688,17,0,29,1,15,,8690,17,0,29,1,55,,8691,17,0,29,1,17,,8692,17,0,29,1,15,,8686,17,0,29,1,15,,8693,17,0,29,1,55,,8694,17,0,29,1,15,,8695,17,0,29,1,16,,8696,17,0,29,1,15,,8697,17,0,29,1,55,,8689,17,0,29,1,15,,8698,17,0,29,1,14,,8700,17,0,29,1,15,,8701,17,0,29,1,58,,8702,17,0,29,1,13,,8706,17,0,29,1,14,,8699,17,0,29,1,59,,8704,17,0,29,1,18,,8709,17,0,29,1,16,,8710,17,0,29,1,18,,8712,17,0,29,1,51,,8703,17,0,29,1,12,,8714,17,0,29,1,12,,8708,17,0,29,1,14,,8716,17,0,29,1,14,,8718,17,0,29,1,49,,8720,17,0,29,1,13,,8707,17,0,29,1,12,,8713,17,0,29,1,7,,8705,17,0,29,1,7,,8721,17,0,29,1,12,,8711,17,0,29,1,53,,8715,17,0,29,1,12,,8717,17,0,29,1,14,,8722,17,0,29,1,14,,8719,17,0,29,1,60,,8723,17,0,29,1,30,,8724,17,0,29,1,72,,8726,17,0,29,1,35,,8728,17,0,29,1,68,,8730,17,0,29,1,31,,8725,17,0,29,1,68,,8727,17,0,29,1,31,,8729,17,0,29,1,86,,8731,17,0,29,1
1200000201,'52',643,,8735,5,0,29,1,76,,8732,17,0,29,1,30,,8740,17,0,29,1,70,,8738,17,0,29,1,31,,8736,17,0,29,1,71,,8742,17,0,29,1,31,,8733,17,0,29,1,71,,8741,17,0,29,1,30,,8739,17,0,29,1,70,,8744,17,0,29,1,30,,8743,17,0,29,1,70,,8734,17,0,29,1,32,,8747,17,0,29,1,71,,8748,17,0,29,1,30,,8745,17,0,29,1,70,,8746,17,0,29,1,32,,8751,17,0,29,1,70,,8750,17,0,29,1,29,,8749,17,0,29,1,71,,8754,17,0,29,1,72,,8756,17,0,29,1,30,,8752,17,0,29,1,27,,8759,17,0,29,1,70,,8758,17,0,29,1,26,,8755,17,0,29,1,67,,8757,17,0,29,1,28,,8762,17,0,29,1,69,,8753,17,0,29,1,31,,8760,17,0,29,1,67,,8763,17,0,29,1,28,,8765,17,0,29,1,70,,8764,17,0,29,1,30,,8768,17,0,29,1,70,,8761,17,0,29,1,29,,8766,17,0,29,1,88,,8767,17,0,29,1
1200000201,'53',819,,8770,17,0,29,1,31,,8772,17,0,29,1,71,,8774,17,0,29,1,31,,8776,17,0,29,1,71,,8778,17,0,29,1,30,,8782,17,0,29,1,70,,8780,17,0,29,1,30,,8784,17,0,29,1,70,,8781,17,0,29,1,32,,8779,17,0,29,1,71,,8783,17,0,29,1,30,,8785,17,0,29,1,70,,8777,17,0,29,1,32,,8786,17,0,29,1,70,,8788,17,0,29,1,29,,8791,17,0,29,1,71,,8793,17,0,29,1,72,,8795,17,0,29,1,30,,8787,17,0,29,1,27,,8789,17,0,29,1,70,,8792,17,0,29,1,26,,8794,17,0,29,1,67,,8796,17,0,29,1,28,,8798,17,0,29,1,69,,8797,17,0,29,1,31,,8790,17,0,29,1,67,,8799,17,0,29,1
1200000201,'68',1644,,8800,11,0,29,1
1200000201,'69',1610,,8803,17,0,29,1,18,,8804,17,0,29,1
1200000401,'51',1659,,9031,17,,,1,67,,9034,17,,,1,22,,9035,17,,,1
