3101,'51',606,,8077,38,,,2,29,,8079,38,,,2,68,,8078,70,,,2,34,,8080,70,,,2,101,,8081,70,,,2,105,,8082,70,,,2,100,,8083,70,,,2,100,,8084,70,,,2,104,,8086,70,,,2,102,,8085,70,,,2,101,,8087,70,,,2,101,,8088,70,,,2,97,,8089,70,,,2,71,,8093,70,,,2,30,,8090,70,,,2,73,,8091,70,,,2,29,,8094,70,,,2,68,,8092,70,,,2,32,,8095,70,,,2
3800,'51',807,,8238,39,,,2,105,,8237,39,,,2,98,,8236,39,,,2,102,,8239,39,,,2,113,,8240,39,,,2,102,,8241,39,,,2,102,,8242,39,,,2,109,,8243,46,,,2,116,,8244,39,,,2,72,,8245,39,,,2,174,,8246,39,,,2,57,,8247,39,,,2,96,,8248,39,,,2,101,,8249,39,,,2,99,,8250,39,,,2
3800,'52',736,,8251,39,,,2,100,,8252,39,,,2,103,,8253,39,,,2,101,,8254,39,,,2,100,,8255,39,,,2,116,,8256,39,,,2,100,,8257,39,,,2,102,,8258,39,,,2,100,,8259,39,,,2,142,,8260,39,,,2,100,,8261,39,,,2,58,,8265,39,,,2,96,,8266,39,,,2,100,,8262,39,,,2,97,,8263,39,,,2,101,,8264,39,,,2
3800,'53',836,,8267,39,,,2,103,,8268,39,,,2,101,,8269,39,,,2,100,,8270,39,,,2,116,,8271,39,,,2,100,,8272,39,,,2,102,,8273,39,,,2,100,,8274,39,,,2,142,,8275,39,,,2,100,,8276,39,,,2,58,,8277,39,,,2,96,,8278,39,,,2
3900,'51',633,,8280,14,,,2,79,,8281,14,,,2,30,,8279,14,,,2
38000,'51',1651,,8409,10,,,2,84,,8410,10,,,2,85,,8411,10,,,2
38100,'64',722,,8415,31,,,2
5003801,'51',1723,,8510,70,,,2,88,,8509,70,,,2
2000003101,'52',709,,9118,39,,,2,100,,9119,71,,,2,102,,9120,71,,,2,102,,9121,71,,,2,100,,9122,71,,,2,100,,9123,71,,,2,102,,9124,71,,,2,201,,9125,71,,,2,101,,9126,71,,,2,100,,9127,71,,,2,101,,9128,71,,,2
2000003101,'53',809,,9130,39,,,2,102,,9131,71,,,2,102,,9132,71,,,2,100,,9133,71,,,2,100,,9134,71,,,2,102,,9135,71,,,2,201,,9136,71,,,2,101,,9137,71,,,2,100,,9138,71,,,2,101,,9139,71,,,2
