2300,'51',550,,7994,4,,,2,273,,7997,4,0,14 1 15,2,33,,7976,4,,,2,76,,7979,4,,,2,70,,7977,4,,,2,31,,7980,4,,,2,70,,7978,4,,,2,30,,7981,4,,,2,78,,7983,4,,,2,30,,7982,4,,,2,70,,7984,4,,,2,30,,7986,4,,,2,72,,7985,4,,,2,33,,7987,4,,,2,70,,7996,4,,,2,116,,7998,4,,,2,75,,7995,4,,,2,28,,7988,4,,,2,73,,7990,4,,,2,27,,7989,4,,,2,78,,7991,4,,,2,102,,7992,4,,,2,95,,7993,4,,,2
2300,'52',628,,7999,4,,,2,100,,8000,4,,,2,101,,8001,4,,,2,101,,8002,4,,,2,101,,8003,4,,,2,101,,8004,4,,,2,101,,8005,4,,,2,107,,8006,4,,,2,100,,8007,4,,,2,100,,8008,4,,,2,101,,8009,4,,,2,88,,8010,4,,,2
2300,'53',728,,8011,4,,,2,101,,8012,4,,,2,101,,8013,4,,,2,101,,8014,4,,,2,101,,8015,4,,,2,101,,8016,4,,,2,107,,8017,4,,,2,100,,8018,4,,,2,100,,8019,4,,,2,101,,8020,4,,,2,88,,8021,4,,,2
2301,'51',1208,,8026,52,,,2,305,,8044,52,,,2,42,,8042,52,,,2,663,,8040,52,,,2
2301,'52',1224,,8052,52,,,2,599,,8058,52,,,2
2301,'53',1224,,8063,52,,,2,599,,8069,52,,,2
23100,'64',706,,8378,16,,,2
23101,'65',1546,,8379,63,,,2
23500,'62',759,,8382,16,,,2
23501,'63',1703,,8383,37,,,2
5002300,'51',614,,8479,4,,,2,25,,8481,4,,,2,69,,8482,4,,,2,31,,8480,4,,,2
5002301,'51',1742,,8483,62,,,2,109,,8485,62,,,2
