1500,'51',542,,7883,1,0,29,2,72,,7885,1,0,29,2,29,,7887,1,0,29,2,61,,7884,4,0,29,2,39,,7886,4,0,29,2,80,,7888,4,0,10 11,2,113,4,7889,1,0,12 13,2,100,8,7890,1,0,12 13,2,100,,7891,4,0,12 13,2
1501,'51',1236,,7894,38,,,2,101,,7895,38,,,2,96,,7896,38,,,2,74,,7897,38,,,2,94,,7899,55,0,34 35 6 41,2,50,,7898,55,0,34 35 6 41,2,55,,7901,55,0,34 35 6 41,2,28,,7904,55,,,2,75,,7903,55,0,34 35 6 41,2,36,,7900,38,,,2,76,,7902,38,,,2,105,,7905,38,,,2,105,,7906,38,,,2,82,,7907,38,,,2
1501,'68',1708,,7908,40,,,2
13100,'64',701,,8305,1,,,2
13101,'65',1603,,8306,77,,,2
15600,'62',812,55,8316,1,,,2
15601,'63',1638,,8317,31,,,2
15801,'68',1653,,8319,29,,,2
2000001500,'52',730,,9066,1,,,2,695,,9072,1,,,2
2000001500,'53',830,,9077,1,,,2,595,,9082,1,,,2
2000001501,'52',823,,9087,38,,,2,101,,9088,38,,,2,100,,9089,38,,,2,102,,9090,38,,,2,101,,9091,38,,,2,102,,9092,38,,,2,191,,9093,38,,,2,102,,9094,38,,,2,104,,9095,38,,,2,97,,9096,38,,,2,96,,9097,38,,,2
2000001501,'53',924,,9098,38,,,2,100,,9099,38,,,2,102,,9100,38,,,2,101,,9101,38,,,2,102,,9102,38,,,2,191,,9103,38,,,2,102,,9104,38,,,2,104,,9105,38,,,2,97,,9106,38,,,2,96,,9107,38,,,2
