1300,'45',741,,9203,45,4,,2
1300,'51',650,,7864,45,4,,2,71,,7867,45,4,,2,103,,7868,45,4,,2,81,,7865,45,4,,2,711,,7869,45,4,,2,97,,7872,45,4,,2,13,,7870,45,4,,2,79,,7873,45,4,,2,25,,7871,45,4,,2
1300,'67',908,,7874,40,4,,2
1301,'51',640,,7876,1,,,2,84,3,7877,1,,,2,33,7,7875,1,,,2,845,,7880,1,,,2,17,3,7878,1,,,2,40,6,7881,1,,,2,70,3,7879,1,,,2
1200000200,'51',532,,8531,1,,,1,14,,8535,1,,,1,55,47,8537,1,,,1,15,2,8538,1,,,1,15,2,8540,1,,,1,14,,8544,1,,,1,57,52,8530,1,,,1,15,5,8545,1,,,1,15,7,8534,1,,,1,15,12,8541,1,,,1,54,58,8532,1,,,1,15,64,8543,1,,,1,18,30,8536,1,,,1,16,,8549,1,,,1,57,59,8548,1,,,1,18,,8551,1,,,1,14,5,8547,1,,,1,15,9,8546,1,,,1,55,,8552,1,,,1,15,,8554,1,,,1,15,,8555,1,,,1,15,,8556,1,,,1,55,8,8550,1,,,1,14,,8557,1,,,1,15,,8558,1,,,1,14,,8559,1,,,1,57,,8560,1,,,1,15,,8561,1,,,1,15,18,8553,1,,,1,15,,8562,1,,,1,54,,8564,1,,,1,15,,8565,1,,,1,15,,8566,1,,,1,21,8,8563,1,,,1,52,,8568,1,,,1,15,,8571,1,,,1,15,,8572,1,,,1,15,,8574,1,,,1,52,49,8567,1,,,1,13,,8575,1,,,1,13,15,8570,1,,,1,13,,8577,1,,,1,55,,8579,1,,,1,16,,8583,1,,,1,16,20,8569,1,,,1,17,13,8582,1,,,1,57,6,8584,1,,,1,16,5,8573,1,,,1,15,9,8576,1,,,1,15,5,8578,1,,,1,55,,8585,1,,,1,15,7,8580,1,,,1,30,,8588,1,,,1,70,5,8587,1,,,1,30,,8592,1,,,1,70,9,8586,1,,,1,30,,8594,1,,,1,72,8,8589,1,,,1,32,8,8591,1,,,1,72,6,8593,1,,,1,27,7,8595,1,,,1,70,6,8590,1,0,14,1
1200000200,'52',654,2,8599,1,,,1,70,4,8598,1,,,1,30,,8602,1,,,1,70,68,8596,1,,,1,30,28,8601,1,,,1,70,68,8600,1,,,1,30,,8604,1,,,1,70,65,8603,1,,,1,30,24,8597,1,,,1,70,,8607,1,,,1,30,,8608,1,,,1,69,21,8605,1,,,1,30,4,8606,1,,,1,70,,8611,1,,,1,31,5,8610,1,,,1,70,18,8609,1,,,1,30,,8614,1,,,1,70,,8616,1,,,1,30,16,8612,1,,,1,70,,8619,1,,,1,30,5,8618,1,,,1,71,17,8615,1,,,1,30,15,8617,1,,,1,69,,8622,1,,,1,30,4,8613,1,,,1,71,3,8620,1,,,1,30,7,8623,1,,,1,69,,8625,1,,,1,30,6,8624,1,,,1,70,,8628,1,,,1,30,7,8621,1,,,1,70,4,8626,1,,,1,30,6,8627,1,,,1
1200000200,'53',654,2,8629,1,,,1,70,4,8630,1,,,1,30,2,8631,1,,,1,70,2,8632,1,,,1,30,,8634,1,,,1,70,,8638,1,,,1,30,4,8636,1,,,1,70,,8640,1,,,1,30,4,8637,1,,,1,70,23,8635,1,,,1,30,22,8639,1,,,1,69,,8641,1,,,1,30,4,8633,1,,,1,70,,8642,1,,,1,31,,8644,1,,,1,70,,8647,1,,,1,30,,8649,1,,,1,70,,8651,1,,,1,30,16,8643,1,,,1,70,16,8645,1,,,1,30,17,8648,1,,,1,71,17,8650,1,,,1,30,15,8652,1,,,1,69,,8654,1,,,1,30,4,8653,1,,,1,71,7,8646,1,,,1,30,,8655,1,,,1
1200000201,'51',554,,8667,19,4,,1,60,,8669,19,4,,1,15,,8672,19,4,,1,21,,8658,49,4,,1,62,,8680,19,4,,1,13,,8663,61,4,,1,10,,8674,49,4,,1,8,,8661,61,4,,1,9,,8677,49,4,,1,52,,8665,61,4,,1,9,,8671,61,4,,1,9,,8668,61,4,,1,9,,8660,61,4,,1,9,,8670,61,4,,1,19,,8673,61,4,,1,57,,8679,61,4,,1,15,,8659,61,4,,1,14,,8681,61,4,,1,13,,8664,61,4,,1,52,,8675,61,4,,1,12,,8662,61,4,,1,12,,8678,61,4,,1,15,,8666,61,4,,1,52,,8685,61,4,,1,17,,8684,61,4,,1,19,,8687,61,4,,1,14,,8683,61,4,,1,55,,8682,61,4,,1,15,,8688,61,4,,1,15,,8690,61,4,,1,15,,8691,61,4,,1,58,,8692,61,4,,1,15,,8686,61,4,,1,15,,8693,61,4,,1,14,,8694,61,4,,1,55,,8695,61,4,,1,16,,8696,61,4,,1,15,,8697,61,4,,1,15,,8689,61,4,,1,57,,8698,61,4,,1,14,,8700,61,4,,1,17,,8701,61,4,,1,59,,8702,61,4,,1,13,,8706,61,4,,1,16,,8699,61,4,,1,19,,8704,61,4,,1,56,,8709,61,4,,1,13,,8710,61,4,,1,18,,8712,61,4,,1,11,,8703,61,4,,1,10,,8714,61,4,,1,51,,8708,61,4,,1,14,,8716,61,4,,1,14,,8718,61,4,,1,9,,8720,61,4,,1,13,,8707,61,4,,1,52,,8713,61,4,,1,7,,8705,61,4,,1,7,,8721,61,4,,1,12,,8711,61,4,,1,13,,8715,61,4,,1,52,,8717,61,4,,1,14,,8722,61,4,,1,14,,8719,61,4,,1,20,,8723,61,4,,1,69,,8724,61,4,,1,32,,8726,61,4,,1,74,,8728,61,4,,1,26,,8730,61,4,,1,71,,8725,61,4,,1,26,,8727,61,4,,1,71,,8729,61,4,,1,86,,8731,61,4,,1
1200000201,'52',652,,8737,19,4,,1,68,,8735,49,4,,1,36,,8732,61,4,,1,70,,8740,61,4,,1,30,,8738,61,4,,1,72,,8736,61,4,,1,31,,8742,61,4,,1,71,,8733,61,4,,1,71,,8741,61,4,,1,31,,8739,61,4,,1,70,,8744,61,4,,1,30,,8743,61,4,,1,70,,8734,61,4,,1,32,,8747,61,4,,1,72,,8748,61,4,,1,30,,8745,61,4,,1,70,,8746,61,4,,1,32,,8751,61,4,,1,70,,8750,61,4,,1,29,,8749,61,4,,1,71,,8754,61,4,,1,32,,8756,61,4,,1,69,,8752,61,4,,1,25,,8759,61,4,,1,70,,8758,61,4,,1,26,,8755,61,4,,1,27,,8757,61,4,,1,68,,8762,61,4,,1,29,,8753,61,4,,1,71,,8760,61,4,,1,27,,8763,61,4,,1,68,,8765,61,4,,1,30,,8764,61,4,,1,70,,8768,61,4,,1,29,,8761,61,4,,1,68,,8766,61,4,,1,88,,8767,61,4,,1
1200000201,'53',652,,8769,19,4,,1,68,,8771,19,4,,1,32,,8773,19,4,,1,70,,8775,19,4,,1,34,,8770,61,4,,1,72,,8772,61,4,,1,31,,8774,61,4,,1,71,,8776,61,4,,1,71,,8778,61,4,,1,31,,8782,61,4,,1,70,,8780,61,4,,1,30,,8784,61,4,,1,70,,8781,61,4,,1,32,,8779,61,4,,1,72,,8783,61,4,,1,30,,8785,61,4,,1,70,,8777,61,4,,1,32,,8786,61,4,,1,70,,8788,61,4,,1,29,,8791,61,4,,1,71,,8793,61,4,,1,32,,8795,61,4,,1,69,,8787,61,4,,1,25,,8789,61,4,,1,70,,8792,61,4,,1,26,,8794,61,4,,1,27,,8796,61,4,,1,68,,8798,61,4,,1,29,,8797,61,4,,1,71,,8790,61,4,,1,27,,8799,61,4,,1
1200000201,'68',1727,,8800,55,4,,1
1200000201,'69',1656,,8803,61,4,,1,56,,8804,61,4,,1
