20000,'51',850,,8323,9,,,2,69,,8321,9,,,2,27,,8320,9,,,2,69,,8322,9,,,2
5002301,'51',1540,,8486,9,,,2,83,,8484,9,,,2,29,,8483,9,,,2,160,,8485,9,,,2
5002401,'51',1541,,8492,9,,,2,83,,8490,9,,,2,28,,8491,9,,,2
5003401,'51',1620,,8495,9,,,2
5003601,'51',1538,,8498,9,,,2,81,,8499,9,,,2,25,,8500,9,,,2
5003701,'51',1539,,8507,9,,,2,106,,8506,9,,,2,164,,8508,9,,,2
5003801,'51',1620,,8510,9,,,2,94,,8509,9,,,2
1200000201,'51',628,,8663,9,0,29,1,15,,8661,9,0,29,1,59,,8665,9,0,29,1,10,,8671,9,0,29,1,10,,8668,9,0,29,1,9,,8660,9,0,29,1,10,,8670,9,0,29,1,59,,8673,9,0,29,1,18,,8679,9,0,29,1,15,,8659,9,0,29,1,14,,8681,9,0,29,1,54,,8664,9,0,29,1,12,,8675,9,0,29,1,12,,8662,9,0,29,1,13,,8678,9,0,29,1,15,,8666,9,0,29,1,52,,8685,9,0,29,1,17,,8684,9,0,29,1,18,,8687,9,0,29,1,14,,8683,9,0,29,1,55,,8682,9,0,29,1,15,,8688,9,0,29,1,15,,8690,9,0,29,1,15,,8691,9,0,29,1,56,,8692,9,0,29,1,15,,8686,9,0,29,1,15,,8693,9,0,29,1,15,,8694,9,0,29,1,55,,8695,9,0,29,1,16,,8696,9,0,29,1,15,,8697,9,0,29,1,15,,8689,9,0,29,1,55,,8698,9,0,29,1,14,,8700,9,0,29,1,15,,8701,9,0,29,1,15,,8702,9,0,29,1,51,,8706,9,0,29,1,11,,8699,9,0,29,1,16,,8704,9,0,29,1,16,,8709,9,0,29,1,55,,8710,9,0,29,1,17,,8712,9,0,29,1,11,,8703,9,0,29,1,14,,8714,9,0,29,1,54,,8708,9,0,29,1,16,,8716,9,0,29,1,16,,8718,9,0,29,1,11,,8720,9,0,29,1,14,,8707,9,0,29,1,53,,8713,9,0,29,1,8,,8705,9,0,29,1,8,,8721,9,0,29,1,13,,8711,9,0,29,1,14,,8715,9,0,29,1,53,,8717,9,0,29,1,14,,8722,9,0,29,1,14,,8719,9,0,29,1,20,,8723,9,0,29,1,70,,8724,9,0,29,1,32,,8726,9,0,29,1,75,,8728,9,0,29,1,70,,8730,9,0,29,1,31,,8725,9,0,29,1,68,,8727,9,0,29,1,31,,8729,9,0,29,1,86,,8731,9,0,29,1
1200000201,'52',705,,8732,9,0,29,1,30,,8740,9,0,29,1,69,,8738,9,0,29,1,31,,8736,9,0,29,1,71,,8742,9,0,29,1,30,,8733,9,0,29,1,71,,8741,9,0,29,1,30,,8739,9,0,29,1,70,,8744,9,0,29,1,30,,8743,9,0,29,1,70,,8734,9,0,29,1,32,,8747,9,0,29,1,70,,8748,9,0,29,1,30,,8745,9,0,29,1,70,,8746,9,0,29,1,31,,8751,9,0,29,1,70,,8750,9,0,29,1,29,,8749,9,0,29,1,71,,8754,9,0,29,1,32,,8756,9,0,29,1,70,,8752,9,0,29,1,29,,8759,9,0,29,1,70,,8758,9,0,29,1,27,,8755,9,0,29,1,67,,8757,9,0,29,1,28,,8762,9,0,29,1,69,,8753,9,0,29,1,31,,8760,9,0,29,1,67,,8763,9,0,29,1,28,,8765,9,0,29,1,31,,8764,9,0,29,1,70,,8768,9,0,29,1,30,,8761,9,0,29,1,69,,8766,9,0,29,1,88,,8767,9,0,29,1
1200000201,'53',804,,8770,9,0,29,1,31,,8772,9,0,29,1,71,,8774,9,0,29,1,30,,8776,9,0,29,1,71,,8778,9,0,29,1,30,,8782,9,0,29,1,70,,8780,9,0,29,1,30,,8784,9,0,29,1,70,,8781,9,0,29,1,32,,8779,9,0,29,1,70,,8783,9,0,29,1,30,,8785,9,0,29,1,70,,8777,9,0,29,1,31,,8786,9,0,29,1,70,,8788,9,0,29,1,29,,8791,9,0,29,1,71,,8793,9,0,29,1,32,,8795,9,0,29,1,70,,8787,9,0,29,1,29,,8789,9,0,29,1,70,,8792,9,0,29,1,27,,8794,9,0,29,1,67,,8796,9,0,29,1,28,,8798,9,0,29,1,69,,8797,9,0,29,1,31,,8790,9,0,29,1,67,,8799,9,0,29,1
1200000201,'69',1540,,8803,9,0,29,1,16,,8804,9,0,29,1
1200000301,'51',656,,8913,9,,,1,59,,8917,9,,,1,34,,8912,9,,,1,69,,8927,9,,,1,26,,8928,9,,,1,65,,8914,9,,,1,30,,8918,9,,,1,67,,8922,9,,,1,36,,8929,9,,,1,60,,8931,9,,,1,20,,8930,9,,,1,20,,8933,9,,,1,61,,8923,9,,,1,20,,8935,9,,,1,22,,8937,9,,,1,60,,8932,9,,,1,20,,8938,9,,,1,20,,8934,9,,,1,58,,8940,9,,,1,20,,8936,9,,,1,19,,8941,9,,,1,60,,8942,9,,,1,17,,8939,9,,,1,13,,8944,9,,,1,18,,8943,9,,,1,56,,8952,9,,,1,19,,8949,9,,,1,13,,8951,9,,,1,15,,8946,9,,,1,57,,8945,9,,,1,17,,8955,9,,,1,17,,8953,9,,,1,14,,8958,9,,,1,48,,8948,9,,,1,8,,8950,9,,,1,15,,8947,9,,,1,18,,8954,9,,,1,62,,8957,9,,,1,24,,8956,9,,,1,71,,8966,9,,,1,30,,8965,9,,,1,70,,8967,9,,,1,33,,8961,9,,,1
1200000301,'52',734,,8968,9,,,1,70,,8972,9,,,1,31,,8974,9,,,1,71,,8976,9,,,1,30,,8969,9,,,1,72,,8973,9,,,1,30,,8975,9,,,1,71,,8977,9,,,1,31,,8970,9,,,1,71,,8981,9,,,1,31,,8971,9,,,1,70,,8978,9,,,1,31,,8979,9,,,1,70,,8982,9,,,1,30,,8984,9,,,1,70,,8986,9,,,1,30,,8980,9,,,1,71,,8983,9,,,1,31,,8985,9,,,1,68,,8987,9,,,1,29,,8988,9,,,1,69,,8989,9,,,1,27,,8990,9,,,1,67,,8992,9,,,1
1200000301,'53',804,,8998,9,,,1,31,,9000,9,,,1,71,,9003,9,,,1,30,,9005,9,,,1,72,,8999,9,,,1,30,,9001,9,,,1,71,,9004,9,,,1,31,,9006,9,,,1,71,,9008,9,,,1,31,,9002,9,,,1,70,,9010,9,,,1,31,,9007,9,,,1,70,,9009,9,,,1,30,,9012,9,,,1,70,,9011,9,,,1,30,,9015,9,,,1,71,,9017,9,,,1,31,,9013,9,,,1,68,,9019,9,,,1,29,,9016,9,,,1,69,,9018,9,,,1,27,,9014,9,,,1,67,,9020,9,,,1
1200000401,'51',1626,,9031,9,,,1,30,,9034,9,,,1,66,,9035,9,,,1
