20001,'51',1457,,8330,18,4,,2,72,,8331,18,4,,2
20001,'52',642,,8332,18,4,,2,70,,8334,18,4,,2
5002300,'51',654,,8479,57,4,,2,73,,8481,57,4,,2,29,,8482,57,4,,2,70,,8480,57,4,,2
5002400,'51',727,,8489,33,4,,2,27,,8487,33,4,,2,70,,8488,33,4,,2
5003400,'51',700,,8494,35,4,,2,23,,8493,35,4,,2
5003600,'51',722,,8496,23,4,,2,27,,8497,18,4,,2
5003700,'51',705,,8501,70,4,,2,17,,8502,63,4,,2,37,,8504,63,4,,2,70,,8505,63,4,,2,28,,8503,70,4,,2
1200000200,'51',604,,8533,30,4,,1,15,,8531,52,4,,1,19,,8535,52,4,,1,10,,8539,30,4,,1,9,,8537,52,4,,1,49,,8542,30,4,,1,9,,8538,52,4,,1,18,,8540,52,4,,1,18,,8544,52,4,,1,55,,8530,52,4,,1,15,,8545,52,4,,1,15,,8534,52,4,,1,12,,8541,52,4,,1,52,,8532,52,4,,1,13,,8543,52,4,,1,15,,8536,52,4,,1,12,,8549,52,4,,1,17,,8548,52,4,,1,58,,8551,52,4,,1,14,,8547,52,4,,1,15,,8546,52,4,,1,15,,8552,52,4,,1,55,,8554,52,4,,1,15,,8555,52,4,,1,15,,8556,52,4,,1,15,,8550,52,4,,1,55,,8557,52,4,,1,15,,8558,52,4,,1,15,,8559,52,4,,1,56,,8560,52,4,,1,15,,8561,52,4,,1,15,,8553,52,4,,1,15,,8562,52,4,,1,14,,8564,52,4,,1,55,,8565,52,4,,1,15,,8566,52,4,,1,22,,8563,52,4,,1,52,,8568,52,4,,1,16,,8571,52,4,,1,15,,8572,52,4,,1,16,,8574,52,4,,1,52,,8567,52,4,,1,14,,8575,52,4,,1,15,,8570,52,4,,1,16,,8577,52,4,,1,9,,8581,39,4,,1,48,,8579,52,4,,1,12,,8583,52,4,,1,15,,8569,52,4,,1,15,,8582,52,4,,1,54,,8584,52,4,,1,14,,8573,52,4,,1,14,,8576,52,4,,1,14,,8578,52,4,,1,15,,8585,52,4,,1,54,,8580,52,4,,1,30,,8588,52,4,,1,70,,8587,52,4,,1,30,,8592,52,4,,1,70,,8586,52,4,,1,29,,8594,52,4,,1,72,,8589,52,4,,1,29,,8591,52,4,,1,72,,8593,52,4,,1,26,,8595,52,4,,1
1200000200,'52',741,,8599,52,4,,1,71,,8598,52,4,,1,31,,8602,52,4,,1,70,,8596,52,4,,1,30,,8601,52,4,,1,70,,8600,52,4,,1,30,,8604,52,4,,1,70,,8603,52,4,,1,30,,8597,52,4,,1,72,,8607,52,4,,1,30,,8608,52,4,,1,70,,8605,52,4,,1,30,,8606,52,4,,1,71,,8611,52,4,,1,30,,8610,52,4,,1,69,,8609,52,4,,1,30,,8614,52,4,,1,71,,8616,52,4,,1,30,,8612,52,4,,1,70,,8619,52,4,,1,30,,8618,52,4,,1,69,,8615,52,4,,1,27,,8617,52,4,,1,68,,8622,52,4,,1,30,,8613,52,4,,1,71,,8620,52,4,,1,29,,8623,52,4,,1,69,,8625,52,4,,1,30,,8624,52,4,,1,70,,8628,52,4,,1,30,,8621,52,4,,1,70,,8626,52,4,,1,30,,8627,52,4,,1
1200000200,'53',741,,8629,52,4,,1,71,,8630,52,4,,1,31,,8631,52,4,,1,70,,8632,52,4,,1,30,,8634,52,4,,1,70,,8638,52,4,,1,30,,8636,52,4,,1,70,,8640,52,4,,1,30,,8637,52,4,,1,72,,8635,52,4,,1,30,,8639,52,4,,1,70,,8641,52,4,,1,30,,8633,52,4,,1,71,,8642,52,4,,1,30,,8644,52,4,,1,69,,8647,52,4,,1,30,,8649,52,4,,1,71,,8651,52,4,,1,30,,8643,52,4,,1,70,,8645,52,4,,1,30,,8648,52,4,,1,69,,8650,52,4,,1,27,,8652,52,4,,1,68,,8654,52,4,,1,30,,8653,52,4,,1,71,,8646,52,4,,1,29,,8655,52,4,,1
1200000200,'69',730,,8656,30,4,,1,87,,8657,30,4,,1
1200000300,'51',632,,8806,48,4,,1,18,,8809,48,4,,1,59,,8811,48,4,,1,13,,8815,48,4,,1,10,,8808,48,4,,1,10,,8816,48,4,,1,10,,8817,48,4,,1,49,,8812,48,4,,1,15,,8820,48,4,,1,14,,8822,48,4,,1,14,,8807,48,4,,1,56,,8818,50,4,,1,14,,8810,50,4,,1,13,,8805,50,4,,1,14,,8813,50,4,,1,15,,8819,50,4,,1,61,,8821,50,4,,1,20,,8824,50,4,,1,20,,8823,50,4,,1,60,,8826,50,4,,1,20,,8814,50,4,,1,20,,8828,50,4,,1,62,,8830,50,4,,1,20,,8825,50,4,,1,20,,8831,50,4,,1,60,,8827,50,4,,1,18,,8833,50,4,,1,20,,8829,50,4,,1,59,,8834,50,4,,1,20,,8836,50,4,,1,19,,8832,50,4,,1,65,,8838,50,4,,1,31,,8840,52,4,,1,68,,8835,52,4,,1,29,,8837,52,4,,1,71,,8841,52,4,,1,30,,8839,52,4,,1,73,,8842,52,4,,1,23,,8844,50,4,,1,65,,8843,50,4,,1,21,,8850,50,4,,1,70,,8852,50,4,,1,32,,8853,50,4,,1,73,,8855,50,4,,1
1200000300,'52',712,,8856,50,4,,1,30,,8860,50,4,,1,71,,8862,50,4,,1,31,,8864,50,4,,1,70,,8857,50,4,,1,31,,8861,50,4,,1,69,,8863,50,4,,1,31,,8865,50,4,,1,71,,8858,50,4,,1,31,,8869,50,4,,1,71,,8859,50,4,,1,30,,8866,50,4,,1,71,,8867,50,4,,1,30,,8870,50,4,,1,70,,8872,50,4,,1,30,,8874,50,4,,1,70,,8868,50,4,,1,30,,8871,50,4,,1,70,,8873,50,4,,1,28,,8875,50,4,,1,70,,8876,50,4,,1,30,,8878,50,4,,1,69,,8879,50,4,,1,29,,8881,50,4,,1
1200000300,'53',742,,8886,50,4,,1,71,,8888,50,4,,1,31,,8891,50,4,,1,70,,8893,50,4,,1,31,,8887,50,4,,1,69,,8889,50,4,,1,31,,8892,50,4,,1,71,,8894,50,4,,1,31,,8896,50,4,,1,71,,8890,50,4,,1,30,,8898,50,4,,1,71,,8895,50,4,,1,30,,8897,50,4,,1,70,,8900,50,4,,1,30,,8899,50,4,,1,70,,8904,50,4,,1,30,,8907,50,4,,1,70,,8901,50,4,,1,28,,8909,50,4,,1,70,,8905,50,4,,1,30,,8908,50,4,,1,69,,8902,50,4,,1,29,,8910,50,4,,1
1200000400,'51',724,,9024,54,4,,1,18,,9025,54,4,,1,16,,9026,54,4,,1,55,,9023,54,4,,1
