3101,'51',612,,8077,46,,,2,30,,8079,46,,,2,68,,8078,78,,,2,34,,8080,78,,,2,100,,8081,78,,,2,105,,8082,78,,,2,100,,8083,78,,,2,100,,8084,78,,,2,104,,8086,78,,,2,102,,8085,78,,,2,101,,8087,78,,,2,102,,8088,78,,,2,97,,8089,78,,,2,71,,8093,78,,,2,29,,8090,78,,,2,73,,8091,78,,,2,29,,8094,78,,,2,68,,8092,78,,,2,32,,8095,78,,,2
3701,'51',557,,8188,39,,,2,188,,8189,46,0,32 1 33,2,102,,8190,46,,,2,102,,8191,46,,,2,98,,8192,46,,,2,102,,8193,46,,,2,153,,8194,46,,,2,102,,8195,46,,,2,102,,8196,46,,,2,117,,8197,46,,,2,180,,8198,46,,,2,31,,8199,46,,,2,100,,8200,46,,,2,97,,8201,46,,,2,97,,8202,46,,,2,101,,8203,46,,,2,100,,8204,46,,,2,25,,8205,46,,,2
3701,'52',712,,8206,46,,,2,100,,8207,46,,,2,101,,8208,46,,,2,102,,8209,46,,,2,101,,8210,46,,,2,116,,8211,46,,,2,100,,8212,46,,,2,102,,8213,46,,,2,100,,8214,46,,,2,100,,8215,46,,,2,102,,8216,46,,,2,98,,8222,46,,,2,98,,8223,46,,,2,96,,8217,46,,,2,100,,8218,46,,,2,101,,8219,46,,,2,98,,8220,46,,,2,25,,8221,46,,,2
3701,'53',812,,8224,46,,,2,101,,8225,46,,,2,102,,8226,46,,,2,101,,8227,46,,,2,116,,8228,46,,,2,100,,8229,46,,,2,102,,8230,46,,,2,100,,8231,46,,,2,100,,8232,46,,,2,102,,8233,46,,,2,98,,8234,46,,,2,98,,8235,46,,,2
3800,'51',814,,8238,47,,,2,104,,8237,47,,,2,98,,8236,47,,,2,102,,8239,47,,,2,113,,8240,47,,,2,102,,8241,47,,,2,102,,8242,47,,,2,110,,8243,54,,,2,156,,8244,47,,,2,31,,8245,47,,,2,174,,8246,47,,,2,97,,8247,47,,,2,56,,8248,47,,,2,141,,8249,47,,,2,59,,8250,47,,,2
3800,'52',742,,8251,47,,,2,100,,8252,47,,,2,103,,8253,47,,,2,101,,8254,47,,,2,100,,8255,47,,,2,156,,8256,47,,,2,100,,8257,47,,,2,102,,8258,47,,,2,100,,8259,47,,,2,102,,8260,47,,,2,100,,8261,47,,,2,98,,8265,47,,,2,96,,8266,47,,,2,100,,8262,47,,,2,57,,8263,47,,,2,101,,8264,47,,,2
3800,'53',842,,8267,47,,,2,103,,8268,47,,,2,101,,8269,47,,,2,100,,8270,47,,,2,156,,8271,47,,,2,100,,8272,47,,,2,102,,8273,47,,,2,100,,8274,47,,,2,102,,8275,47,,,2,100,,8276,47,,,2,98,,8277,47,,,2,96,,8278,47,,,2
3900,'51',648,,8280,30,,,2,79,,8281,30,,,2,30,,8279,30,,,2
24100,'64',731,,8386,15,4,,2
24200,'64',734,,8388,17,4,,2
31100,'64',752,,8392,57,,,2
35100,'64',734,,8403,42,,,2
38100,'64',738,,8415,49,,,2
5003700,'51',639,,8501,57,,,2,15,,8502,50,,,2,75,,8504,50,,,2,71,,8505,50,,,2,33,,8503,57,,,2
5003701,'51',1649,,8507,79,,,2,104,,8506,79,,,2,154,,8508,79,,,2
5003801,'51',1730,,8510,78,,,2,87,,8509,78,,,2
2000003101,'52',715,,9118,47,,,2,100,,9119,79,,,2,102,,9120,79,,,2,102,,9121,79,,,2,100,,9122,79,,,2,100,,9123,79,,,2,102,,9124,79,,,2,201,,9125,79,,,2,101,,9126,79,,,2,100,,9127,79,,,2,101,,9128,79,,,2
2000003101,'53',815,,9130,47,,,2,102,,9131,79,,,2,102,,9132,79,,,2,100,,9133,79,,,2,100,,9134,79,,,2,102,,9135,79,,,2,201,,9136,79,,,2,101,,9137,79,,,2,100,,9138,79,,,2,101,,9139,79,,,2
