2300,'51',611,,7994,50,,,2,236,,7997,50,0,14 1 15,2,70,,7976,50,,,2,36,,7979,50,,,2,70,,7977,50,,,2,31,,7980,50,,,2,70,,7978,50,,,2,30,,7981,50,,,2,71,,7983,36,,,2,30,,7982,36,,,2,70,,7984,36,,,2,30,,7986,36,,,2,72,,7985,36,,,2,73,,7987,36,,,2,31,,7996,36,,,2,117,,7998,36,,,2,75,,7995,36,,,2,28,,7988,36,,,2,71,,7990,36,,,2,27,,7989,36,,,2,78,,7991,36,,,2,102,,7992,36,,,2,95,,7993,36,,,2
2300,'52',649,,7999,50,,,2,100,,8000,50,,,2,101,,8001,50,,,2,101,,8002,50,,,2,101,,8003,50,,,2,101,,8004,50,,,2,101,,8005,50,,,2,100,,8006,36,,,2,100,,8007,36,,,2,100,,8008,36,,,2,101,,8009,36,,,2,88,,8010,36,,,2
2300,'53',749,,8011,50,,,2,101,,8012,50,,,2,101,,8013,50,,,2,101,,8014,50,,,2,101,,8015,50,,,2,101,,8016,50,,,2,100,,8017,36,,,2,100,,8018,36,,,2,100,,8019,36,,,2,101,,8020,36,,,2,88,,8021,36,,,2
2300,'67',846,,8022,14,0,14 1 15,2
22100,'64',720,,8370,23,,,2
22200,'64',720,,8372,20,,,2
22501,'63',1705,,8375,33,,,2
23100,'64',729,,8378,57,,,2
5002300,'51',639,,8479,50,,,2,67,,8481,50,,,2,30,,8482,50,,,2,70,,8480,50,,,2
5002400,'51',706,,8489,26,,,2,28,,8487,26,,,2,70,,8488,26,,,2
5004300,'61',659,,8512,3,,,2,160,,8513,3,,,2
1200000100,'51',558,,8517,41,0,14,1,64,,8518,41,0,34 35 6 31,1,30,,8519,41,0,34 35 6 31,1,60,,8520,41,0,34 35 6 31,1,30,,8523,41,0,16 1 17,1,70,,8521,41,0,34 35 6 31,1
1200000300,'51',620,,8806,41,0,36 37,1,16,,8809,41,0,36 37,1,14,,8811,41,0,36 37,1,51,,8815,41,0,36 37,1,10,,8808,41,0,36 37,1,10,,8816,41,0,36 37,1,10,,8817,41,0,36 37,1,10,,8812,41,0,36 37,1,15,,8820,41,0,36 37,1,54,,8822,41,0,36 37,1,16,,8807,41,0,36 37,1,15,,8818,41,0,36 37,1,15,,8810,41,0,36 37,1,55,,8805,41,0,36 37,1,15,,8813,41,0,36 37,1,15,,8819,41,0,36 37,1,60,,8821,41,0,36 37,1,20,,8824,41,0,36 37,1,20,,8823,41,0,36 37,1,60,,8826,41,0,36 37,1,20,,8814,41,0,36 37,1,20,,8828,41,0,36 37,1,62,,8830,41,0,36 37,1,20,,8825,41,0,36 37,1,20,,8831,41,0,36 37,1,60,,8827,41,0,36 37,1,18,,8833,41,0,36 37,1,20,,8829,41,0,36 37,1,59,,8834,41,0,36 37,1,20,,8836,41,0,36 37,1,19,,8832,41,0,36 37,1,65,,8838,41,0,36 37,1,31,,8840,43,0,36 37,1,67,,8835,43,0,36 37,1,29,,8837,43,0,36 37,1,71,,8841,43,0,36 37,1,31,,8839,43,0,36 37,1,73,,8842,43,0,36 37,1,24,,8844,41,0,36 37,1,27,,8843,41,0,36 37,1,61,,8850,41,0,36 37,1,30,,8852,41,0,36 37,1,72,,8853,41,0,36 37,1,33,,8855,41,0,36 37,1,66,,8851,41,0,36 37,1,27,,8849,41,0,36 37,1,70,,8854,41,0,36 37,1,30,,8847,41,0,36 37,1,66,,8845,41,0,36 37,1,30,,8848,41,0,36 37,1,68,,8846,41,0,36 37,1
1200000300,'52',658,,8856,41,0,36 37,1,70,,8860,41,0,36 37,1,30,,8862,41,0,36 37,1,71,,8864,41,0,36 37,1,30,,8857,41,0,36 37,1,71,,8861,41,0,36 37,1,70,,8863,41,0,36 37,1,31,,8865,41,0,36 37,1,71,,8858,41,0,36 37,1,30,,8869,41,0,36 37,1,71,,8859,41,0,36 37,1,30,,8866,41,0,36 37,1,71,,8867,41,0,36 37,1,30,,8870,41,0,36 37,1,70,,8872,41,0,36 37,1,30,,8874,41,0,36 37,1,70,,8868,41,0,36 37,1,30,,8871,41,0,36 37,1,69,,8873,41,0,36 37,1,30,,8875,41,0,36 37,1,70,,8876,41,0,36 37,1,30,,8878,41,0,36 37,1,69,,8879,41,0,36 37,1,30,,8881,41,0,36 37,1,19,,8877,41,0,36 37,1,94,,8880,41,0,36 37,1,100,,8882,41,0,36 37,1,96,,8883,41,0,36 37,1,99,,8884,41,0,36 37,1,177,,8885,41,0,36 37,1
1200000300,'53',728,,8886,41,0,36 37,1,30,,8888,41,0,36 37,1,71,,8891,41,0,36 37,1,30,,8893,41,0,36 37,1,71,,8887,41,0,36 37,1,70,,8889,41,0,36 37,1,31,,8892,41,0,36 37,1,71,,8894,41,0,36 37,1,30,,8896,41,0,36 37,1,71,,8890,41,0,36 37,1,30,,8898,41,0,36 37,1,71,,8895,41,0,36 37,1,30,,8897,41,0,36 37,1,70,,8900,41,0,36 37,1,30,,8899,41,0,36 37,1,70,,8904,41,0,36 37,1,30,,8907,41,0,36 37,1,69,,8901,41,0,36 37,1,30,,8909,41,0,36 37,1,70,,8905,41,0,36 37,1,30,,8908,41,0,36 37,1,69,,8902,41,0,36 37,1,30,,8910,41,0,36 37,1,19,,8906,41,0,36 37,1,94,,8903,41,0,36 37,1,157,,8911,41,0,36 37,1
