22100,'64',734,,8370,34,,,2
22200,'64',732,,8372,30,,,2
23100,'64',741,,8378,67,,,2
5003701,'51',1610,,8507,18,,,2,106,,8506,18,,,2,114,,8508,18,,,2
5003801,'51',1653,,8510,18,,,2,89,,8509,18,,,2
1200000100,'51',633,,8518,51,0,34 35 6 31,1,70,,8519,51,0,34 35 6 31,1,20,,8520,51,0,34 35 6 31,1,30,,8523,51,0,16 1 17,1,70,,8521,51,0,34 35 6 31,1
1200000201,'51',611,,8658,6,0,29,1,35,,8663,18,0,29,1,8,,8674,6,0,29,1,47,,8661,18,0,29,1,8,,8677,6,0,29,1,11,,8665,18,0,29,1,10,,8671,18,0,29,1,10,,8668,18,0,29,1,10,,8660,18,0,29,1,50,,8670,18,0,29,1,19,,8673,18,0,29,1,18,,8679,18,0,29,1,15,,8659,18,0,29,1,54,,8681,18,0,29,1,14,,8664,18,0,29,1,12,,8675,18,0,29,1,12,,8662,18,0,29,1,12,,8678,18,0,29,1,55,,8666,18,0,29,1,12,,8685,18,0,29,1,17,,8684,18,0,29,1,18,,8687,18,0,29,1,54,,8683,18,0,29,1,15,,8682,18,0,29,1,15,,8688,18,0,29,1,15,,8690,18,0,29,1,55,,8691,18,0,29,1,17,,8692,18,0,29,1,15,,8686,18,0,29,1,15,,8693,18,0,29,1,55,,8694,18,0,29,1,15,,8695,18,0,29,1,16,,8696,18,0,29,1,55,,8697,18,0,29,1,15,,8689,18,0,29,1,15,,8698,18,0,29,1,14,,8700,18,0,29,1,15,,8701,18,0,29,1,57,,8702,18,0,29,1,13,,8706,18,0,29,1,14,,8699,18,0,29,1,60,,8704,18,0,29,1,18,,8709,18,0,29,1,15,,8710,18,0,29,1,18,,8712,18,0,29,1,51,,8703,18,0,29,1,13,,8714,18,0,29,1,12,,8708,18,0,29,1,14,,8716,18,0,29,1,14,,8718,18,0,29,1,49,,8720,18,0,29,1,13,,8707,18,0,29,1,12,,8713,18,0,29,1,7,,8705,18,0,29,1,7,,8721,18,0,29,1,12,,8711,18,0,29,1,53,,8715,18,0,29,1,12,,8717,18,0,29,1,14,,8722,18,0,29,1,14,,8719,18,0,29,1,60,,8723,18,0,29,1,30,,8724,18,0,29,1,72,,8726,18,0,29,1,35,,8728,18,0,29,1,68,,8730,18,0,29,1,31,,8725,18,0,29,1,67,,8727,18,0,29,1,31,,8729,18,0,29,1,86,,8731,18,0,29,1
1200000201,'52',644,,8735,6,0,29,1,76,,8732,18,0,29,1,30,,8740,18,0,29,1,70,,8738,18,0,29,1,31,,8736,18,0,29,1,71,,8742,18,0,29,1,31,,8733,18,0,29,1,71,,8741,18,0,29,1,30,,8739,18,0,29,1,70,,8744,18,0,29,1,30,,8743,18,0,29,1,70,,8734,18,0,29,1,32,,8747,18,0,29,1,71,,8748,18,0,29,1,30,,8745,18,0,29,1,70,,8746,18,0,29,1,31,,8751,18,0,29,1,70,,8750,18,0,29,1,29,,8749,18,0,29,1,71,,8754,18,0,29,1,72,,8756,18,0,29,1,30,,8752,18,0,29,1,28,,8759,18,0,29,1,70,,8758,18,0,29,1,26,,8755,18,0,29,1,67,,8757,18,0,29,1,28,,8762,18,0,29,1,69,,8753,18,0,29,1,31,,8760,18,0,29,1,67,,8763,18,0,29,1,28,,8765,18,0,29,1,70,,8764,18,0,29,1,30,,8768,18,0,29,1,70,,8761,18,0,29,1,29,,8766,18,0,29,1,88,,8767,18,0,29,1
1200000201,'53',820,,8770,18,0,29,1,31,,8772,18,0,29,1,71,,8774,18,0,29,1,31,,8776,18,0,29,1,71,,8778,18,0,29,1,30,,8782,18,0,29,1,70,,8780,18,0,29,1,30,,8784,18,0,29,1,70,,8781,18,0,29,1,32,,8779,18,0,29,1,71,,8783,18,0,29,1,30,,8785,18,0,29,1,70,,8777,18,0,29,1,31,,8786,18,0,29,1,70,,8788,18,0,29,1,29,,8791,18,0,29,1,71,,8793,18,0,29,1,72,,8795,18,0,29,1,30,,8787,18,0,29,1,28,,8789,18,0,29,1,70,,8792,18,0,29,1,26,,8794,18,0,29,1,67,,8796,18,0,29,1,28,,8798,18,0,29,1,69,,8797,18,0,29,1,31,,8790,18,0,29,1,67,,8799,18,0,29,1
1200000201,'68',1645,,8800,12,0,29,1
1200000201,'69',1611,,8803,18,0,29,1,18,,8804,18,0,29,1
1200000401,'51',1659,,9031,18,,,1,67,,9034,18,,,1,22,,9035,18,,,1
