13101,'65',1523,,8306,18,,,2
32500,'62',831,,8398,41,,,2
34500,'62',823,,8400,31,,,2
1200000100,'51',639,,8518,59,0,34 35 6 31,1,70,,8519,59,0,34 35 6 31,1,21,,8520,59,0,34 35 6 31,1,70,,8523,59,0,16 1 17,1,30,,8521,59,0,34 35 6 31,1
1200000201,'51',617,,8658,14,0,29,1,35,,8663,26,0,29,1,48,,8674,14,0,29,1,7,,8661,26,0,29,1,8,,8677,14,0,29,1,12,,8665,26,0,29,1,10,,8671,26,0,29,1,10,,8668,26,0,29,1,10,,8660,26,0,29,1,50,,8670,26,0,29,1,19,,8673,26,0,29,1,17,,8679,26,0,29,1,15,,8659,26,0,29,1,54,,8681,26,0,29,1,14,,8664,26,0,29,1,12,,8675,26,0,29,1,12,,8662,26,0,29,1,52,,8678,26,0,29,1,15,,8666,26,0,29,1,12,,8685,26,0,29,1,17,,8684,26,0,29,1,58,,8687,26,0,29,1,14,,8683,26,0,29,1,15,,8682,26,0,29,1,15,,8688,26,0,29,1,55,,8690,26,0,29,1,15,,8691,26,0,29,1,17,,8692,26,0,29,1,15,,8686,26,0,29,1,55,,8693,26,0,29,1,15,,8694,26,0,29,1,15,,8695,26,0,29,1,16,,8696,26,0,29,1,55,,8697,26,0,29,1,15,,8689,26,0,29,1,15,,8698,26,0,29,1,14,,8700,26,0,29,1,55,,8701,26,0,29,1,18,,8702,26,0,29,1,13,,8706,26,0,29,1,14,,8699,26,0,29,1,60,,8704,26,0,29,1,18,,8709,26,0,29,1,15,,8710,26,0,29,1,58,,8712,26,0,29,1,11,,8703,26,0,29,1,12,,8714,26,0,29,1,12,,8708,26,0,29,1,14,,8716,26,0,29,1,54,,8718,26,0,29,1,9,,8720,26,0,29,1,13,,8707,26,0,29,1,12,,8713,26,0,29,1,7,,8705,26,0,29,1,7,,8721,26,0,29,1,52,,8711,26,0,29,1,13,,8715,26,0,29,1,12,,8717,26,0,29,1,14,,8722,26,0,29,1,14,,8719,26,0,29,1,60,,8723,26,0,29,1,30,,8724,26,0,29,1,72,,8726,26,0,29,1,35,,8728,26,0,29,1,68,,8730,26,0,29,1,31,,8725,26,0,29,1,67,,8727,26,0,29,1,31,,8729,26,0,29,1,86,,8731,26,0,29,1
1200000201,'52',650,,8735,14,0,29,1,76,,8732,26,0,29,1,30,,8740,26,0,29,1,70,,8738,26,0,29,1,31,,8736,26,0,29,1,71,,8742,26,0,29,1,31,,8733,26,0,29,1,71,,8741,26,0,29,1,70,,8739,26,0,29,1,30,,8744,26,0,29,1,70,,8743,26,0,29,1,30,,8734,26,0,29,1,72,,8747,26,0,29,1,31,,8748,26,0,29,1,70,,8745,26,0,29,1,30,,8746,26,0,29,1,72,,8751,26,0,29,1,30,,8750,26,0,29,1,69,,8749,26,0,29,1,31,,8754,26,0,29,1,72,,8756,26,0,29,1,30,,8752,26,0,29,1,67,,8759,26,0,29,1,30,,8758,26,0,29,1,66,,8755,26,0,29,1,27,,8757,26,0,29,1,28,,8762,26,0,29,1,69,,8753,26,0,29,1,31,,8760,26,0,29,1,67,,8763,26,0,29,1,28,,8765,26,0,29,1,70,,8764,26,0,29,1,30,,8768,26,0,29,1,70,,8761,26,0,29,1,29,,8766,26,0,29,1,88,,8767,26,0,29,1
1200000201,'53',826,,8770,26,0,29,1,31,,8772,26,0,29,1,71,,8774,26,0,29,1,31,,8776,26,0,29,1,71,,8778,26,0,29,1,70,,8782,26,0,29,1,30,,8780,26,0,29,1,70,,8784,26,0,29,1,30,,8781,26,0,29,1,72,,8779,26,0,29,1,31,,8783,26,0,29,1,70,,8785,26,0,29,1,30,,8777,26,0,29,1,72,,8786,26,0,29,1,30,,8788,26,0,29,1,69,,8791,26,0,29,1,31,,8793,26,0,29,1,72,,8795,26,0,29,1,30,,8787,26,0,29,1,67,,8789,26,0,29,1,30,,8792,26,0,29,1,66,,8794,26,0,29,1,27,,8796,26,0,29,1,28,,8798,26,0,29,1,69,,8797,26,0,29,1,31,,8790,26,0,29,1,67,,8799,26,0,29,1
1200000201,'68',1652,,8800,20,0,29,1
1200000201,'69',1618,,8803,26,0,29,1,18,,8804,26,0,29,1
1200000401,'51',1706,,9031,26,,,1,27,,9034,26,,,1,22,,9035,26,,,1
