1301,'51',646,,7876,13,,,2,84,,7877,13,,,2,73,,7875,13,,,2,807,,7880,13,,,2,15,,7878,13,,,2,80,,7881,13,,,2,30,,7879,13,,,2
11501,'63',1614,,8294,6,,,2
12501,'63',1608,,8298,6,,,2
12601,'63',1617,,8300,6,,,2
12701,'63',1608,,8302,6,,,2
13601,'63',1615,,8309,6,,,2
13801,'63',1610,,8312,6,,,2
15601,'63',1611,,8317,6,,,2
22501,'63',1617,,8375,6,,,2
23501,'63',1612,,8383,6,,,2
23601,'63',1612,,8385,6,0,51 1 52,2
24501,'63',1613,,8391,6,,,2
32501,'63',1609,,8399,6,,,2
34501,'63',1610,,8401,6,,,2
35501,'63',1614,,8406,6,0,9 1 43,2
37501,'63',1618,,8408,6,,,2
38501,'63',1617,,8418,6,,,2
