1500,'51',600,,7883,28,0,29,2,32,,7885,28,0,29,2,69,,7887,28,0,29,2,21,,7884,31,0,29,2,80,,7886,31,0,29,2,41,,7888,31,0,10 11,2,111,,7889,28,0,12 13,2,100,,7890,28,0,12 13,2,100,,7891,31,0,12 13,2,101,,7892,27,0,12 13,2
1500,'67',842,,7893,16,0,10 11,2
1600,'51',1351,,7909,12,0,12 13,2,96,,7910,12,0,12 13,2,76,,7911,12,0,29,2,100,,7912,15,0,29,2,78,,7916,15,0,29,2,27,,7914,15,0,29,2,99,,7917,15,0,12 13,2,108,,7915,12,0,12 13,2,107,,7918,12,0,12 13,2
15500,'62',833,,8315,16,,,2
15600,'62',830,,8316,19,,,2
20000,'51',918,,8323,15,,,2,28,,8321,15,,,2,66,,8320,15,,,2,29,,8322,15,,,2,1094,,8324,3,,,2,218,,8325,3,,,2
20000,'52',1907,,8326,3,,,2,445,,8327,3,,,2
21000,'51',1150,,8336,21,,,2,80,,8337,21,,,2,85,,8335,21,,,2,417,,8340,21,,,2,69,,8339,21,,,2,27,,8338,21,,,2,81,,8342,21,,,2,131,,8341,21,,,2
21000,'52',1249,,8343,21,,,2,173,,8344,21,,,2,231,,8345,21,,,2,71,,8346,21,,,2,322,,8347,21,,,2
21000,'53',1115,,8348,21,,,2,103,,8350,21,,,2,133,,8349,21,,,2,102,,8351,21,,,2,70,,8352,21,,,2
35000,'51',909,,8402,2,,,2
38000,'51',1704,,8409,16,,,2,43,,8410,16,,,2,84,,8411,16,,,2
2000001500,'52',748,,9066,28,,,2,100,,9067,27,,,2,100,,9068,27,,,2,94,,9069,27,,,2,109,,9070,27,,,2,101,,9071,27,,,2,191,,9072,28,,,2,102,,9073,27,,,2,96,,9074,27,,,2,107,,9075,27,,,2,96,,9076,27,,,2
2000001500,'53',848,,9077,28,,,2,100,,9078,27,,,2,94,,9079,27,,,2,109,,9080,27,,,2,101,,9081,27,,,2,191,,9082,28,,,2,102,,9083,27,,,2,96,,9084,27,,,2,107,,9085,27,,,2,96,,9086,27,,,2
