2200,'51',615,,7925,41,,,2,28,,7941,79,,,2,63,,7926,41,,,2,30,,7942,41,,,2,66,,7944,79,,,2,43,,7943,41,0,14 1 15,2,87,,7927,41,,,2,75,,7931,41,,,2,32,,7928,41,,,2,72,,7932,41,,,2,30,,7929,41,,,2,70,,7933,41,,,2,31,,7930,41,,,2,70,,7934,41,,,2,30,,7945,41,,,2,70,,7935,41,,,2,29,,7946,41,,,2,74,,7938,41,,,2,31,,7936,27,,,2,65,,7939,27,,,2,108,,7937,27,,,2,34,,7947,27,,,2,100,,7940,27,,,2
2200,'67',847,,7948,24,0,14 1 15,2
2300,'51',612,,7994,53,,,2,236,,7997,53,0,14 1 15,2,70,,7976,53,,,2,36,,7979,53,,,2,70,,7977,53,,,2,31,,7980,53,,,2,70,,7978,53,,,2,30,,7981,53,,,2,71,,7983,39,,,2,30,,7982,39,,,2,70,,7984,39,,,2,30,,7986,39,,,2,72,,7985,39,,,2,73,,7987,39,,,2,31,,7996,39,,,2,117,,7998,39,,,2,75,,7995,39,,,2,28,,7988,39,,,2,71,,7990,39,,,2,27,,7989,39,,,2,78,,7991,39,,,2,102,,7992,39,,,2,95,,7993,39,,,2
2300,'52',650,,7999,53,,,2,100,,8000,53,,,2,101,,8001,53,,,2,101,,8002,53,,,2,101,,8003,53,,,2,101,,8004,53,,,2,101,,8005,53,,,2,100,,8006,39,,,2,100,,8007,39,,,2,100,,8008,39,,,2,101,,8009,39,,,2,88,,8010,39,,,2
2300,'53',750,,8011,53,,,2,101,,8012,53,,,2,101,,8013,53,,,2,101,,8014,53,,,2,101,,8015,53,,,2,101,,8016,53,,,2,100,,8017,39,,,2,100,,8018,39,,,2,100,,8019,39,,,2,101,,8020,39,,,2,88,,8021,39,,,2
2300,'67',847,,8022,17,0,14 1 15,2
22100,'64',722,,8370,26,,,2
22200,'64',721,,8372,23,,,2
22501,'63',1707,,8375,36,4,,2
23100,'64',730,,8378,60,,,2
23200,'64',717,,8380,18,,,2
32500,'62',808,,8398,14,,,2
5002300,'51',641,,8479,53,,,2,67,,8481,53,,,2,30,,8482,53,,,2,70,,8480,53,,,2
5002400,'51',708,,8489,29,,,2,28,,8487,29,,,2,70,,8488,29,,,2
5004300,'61',701,,8512,6,,,2,119,,8513,6,,,2
1200000100,'51',559,,8517,44,0,14,1,64,,8518,44,0,34 35 6 31,1,30,,8519,44,0,34 35 6 31,1,60,,8520,44,0,34 35 6 31,1,30,,8523,44,0,16 1 17,1,70,,8521,44,0,34 35 6 31,1
1200000300,'51',622,,8806,44,0,36 37,1,16,,8809,44,0,36 37,1,14,,8811,44,0,36 37,1,51,,8815,44,0,36 37,1,10,,8808,44,0,36 37,1,10,,8816,44,0,36 37,1,10,,8817,44,0,36 37,1,10,,8812,44,0,36 37,1,15,,8820,44,0,36 37,1,54,,8822,44,0,36 37,1,16,,8807,44,0,36 37,1,14,,8818,44,0,36 37,1,15,,8810,44,0,36 37,1,55,,8805,44,0,36 37,1,15,,8813,44,0,36 37,1,15,,8819,44,0,36 37,1,60,,8821,44,0,36 37,1,20,,8824,44,0,36 37,1,20,,8823,44,0,36 37,1,60,,8826,44,0,36 37,1,20,,8814,44,0,36 37,1,20,,8828,44,0,36 37,1,62,,8830,44,0,36 37,1,20,,8825,44,0,36 37,1,20,,8831,44,0,36 37,1,60,,8827,44,0,36 37,1,18,,8833,44,0,36 37,1,20,,8829,44,0,36 37,1,59,,8834,44,0,36 37,1,20,,8836,44,0,36 37,1,19,,8832,44,0,36 37,1,65,,8838,44,0,36 37,1,31,,8840,46,0,36 37,1,67,,8835,46,0,36 37,1,29,,8837,46,0,36 37,1,71,,8841,46,0,36 37,1,31,,8839,46,0,36 37,1,73,,8842,46,0,36 37,1,24,,8844,44,0,36 37,1,27,,8843,44,0,36 37,1,61,,8850,44,0,36 37,1,30,,8852,44,0,36 37,1,72,,8853,44,0,36 37,1,33,,8855,44,0,36 37,1,66,,8851,44,0,36 37,1,27,,8849,44,0,36 37,1,70,,8854,44,0,36 37,1,30,,8847,44,0,36 37,1,66,,8845,44,0,36 37,1,30,,8848,44,0,36 37,1,68,,8846,44,0,36 37,1
1200000300,'52',659,,8856,44,0,36 37,1,70,,8860,44,0,36 37,1,30,,8862,44,0,36 37,1,71,,8864,44,0,36 37,1,70,,8857,44,0,36 37,1,31,,8861,44,0,36 37,1,70,,8863,44,0,36 37,1,31,,8865,44,0,36 37,1,71,,8858,44,0,36 37,1,30,,8869,44,0,36 37,1,71,,8859,44,0,36 37,1,30,,8866,44,0,36 37,1,71,,8867,44,0,36 37,1,30,,8870,44,0,36 37,1,70,,8872,44,0,36 37,1,30,,8874,44,0,36 37,1,70,,8868,44,0,36 37,1,30,,8871,44,0,36 37,1,69,,8873,44,0,36 37,1,30,,8875,44,0,36 37,1,70,,8876,44,0,36 37,1,30,,8878,44,0,36 37,1,69,,8879,44,0,36 37,1,30,,8881,44,0,36 37,1,19,,8877,44,0,36 37,1,94,,8880,44,0,36 37,1,100,,8882,44,0,36 37,1,96,,8883,44,0,36 37,1,99,,8884,44,0,36 37,1,177,,8885,44,0,36 37,1
1200000300,'53',729,,8886,44,0,36 37,1,30,,8888,44,0,36 37,1,71,,8891,44,0,36 37,1,70,,8893,44,0,36 37,1,31,,8887,44,0,36 37,1,70,,8889,44,0,36 37,1,31,,8892,44,0,36 37,1,71,,8894,44,0,36 37,1,30,,8896,44,0,36 37,1,71,,8890,44,0,36 37,1,30,,8898,44,0,36 37,1,71,,8895,44,0,36 37,1,30,,8897,44,0,36 37,1,70,,8900,44,0,36 37,1,30,,8899,44,0,36 37,1,70,,8904,44,0,36 37,1,30,,8907,44,0,36 37,1,69,,8901,44,0,36 37,1,30,,8909,44,0,36 37,1,70,,8905,44,0,36 37,1,30,,8908,44,0,36 37,1,69,,8902,44,0,36 37,1,30,,8910,44,0,36 37,1,19,,8906,44,0,36 37,1,94,,8903,44,0,36 37,1,157,,8911,44,0,36 37,1
