3401,'51',637,,8106,23,,,2,67,,8107,23,,,2,52,,8108,23,,,2,801,,8110,23,,,2,95,,8109,27,,,2,81,,8111,23,,,2,25,,8113,23,,,2,88,,8114,23,,,2,66,,8112,23,,,2
3701,'51',751,,8189,53,0,32 1 33,2
22100,'64',739,,8370,40,,,2
22200,'64',737,,8372,36,,,2
23100,'64',746,,8378,73,,,2
23200,'64',737,,8380,40,,,2
24100,'64',735,,8386,22,4,,2
24200,'64',738,,8388,24,4,,2
31100,'64',757,,8392,64,,,2
32500,'62',826,,8398,36,,,2
35100,'64',739,,8403,50,,,2
38100,'64',743,,8415,56,,,2
5003401,'51',1700,,8495,35,,,2
2000003401,'52',749,,9170,23,,,2,85,,9171,23,,,2,85,,9172,23,,,2,85,,9173,23,,,2,47,,9174,23,,,2,85,,9175,23,,,2,87,,9176,23,,,2,81,,9177,23,,,2,134,,9178,23,,,2,86,,9179,23,,,2,84,,9180,23,,,2,48,,9181,23,,,2,84,,9182,23,,,2,83,,9183,23,,,2,82,,9184,23,,,2
2000003401,'53',834,,9185,23,,,2,85,,9186,23,,,2,85,,9187,23,,,2,47,,9188,23,,,2,85,,9189,23,,,2,87,,9190,23,,,2,81,,9191,23,,,2,134,,9192,23,,,2,86,,9193,23,,,2,84,,9194,23,,,2,48,,9195,23,,,2,84,,9196,23,,,2,83,,9197,23,,,2,82,,9198,23,,,2
