3101,'51',609,,8077,43,,,2,30,,8079,43,,,2,68,,8078,75,,,2,34,,8080,75,,,2,100,,8081,75,,,2,105,,8082,75,,,2,100,,8083,75,,,2,100,,8084,75,,,2,104,,8086,75,,,2,102,,8085,75,,,2,101,,8087,75,,,2,101,,8088,75,,,2,97,,8089,75,,,2,71,,8093,75,,,2,30,,8090,75,,,2,73,,8091,75,,,2,29,,8094,75,,,2,68,,8092,75,,,2,32,,8095,75,,,2
3701,'51',554,,8188,36,,,2,188,,8189,43,0,32 1 33,2,102,,8190,43,,,2,102,,8191,43,,,2,98,,8192,43,,,2,102,,8193,43,,,2,113,,8194,43,,,2,142,,8195,43,,,2,102,,8196,43,,,2,116,,8197,43,,,2,181,,8198,43,,,2,31,,8199,43,,,2,100,,8200,43,,,2,97,,8201,43,,,2,97,,8202,43,,,2,101,,8203,43,,,2,100,,8204,43,,,2,25,,8205,43,,,2
3701,'52',709,,8206,43,,,2,100,,8207,43,,,2,101,,8208,43,,,2,102,,8209,43,,,2,101,,8210,43,,,2,116,,8211,43,,,2,100,,8212,43,,,2,102,,8213,43,,,2,100,,8214,43,,,2,100,,8215,43,,,2,102,,8216,43,,,2,98,,8222,43,,,2,98,,8223,43,,,2,96,,8217,43,,,2,100,,8218,43,,,2,101,,8219,43,,,2,98,,8220,43,,,2,25,,8221,43,,,2
3701,'53',809,,8224,43,,,2,101,,8225,43,,,2,102,,8226,43,,,2,101,,8227,43,,,2,116,,8228,43,,,2,100,,8229,43,,,2,102,,8230,43,,,2,100,,8231,43,,,2,100,,8232,43,,,2,102,,8233,43,,,2,98,,8234,43,,,2,98,,8235,43,,,2
3800,'51',810,,8238,44,,,2,105,,8237,44,,,2,98,,8236,44,,,2,102,,8239,44,,,2,113,,8240,44,,,2,102,,8241,44,,,2,102,,8242,44,,,2,109,,8243,51,,,2,116,,8244,44,,,2,72,,8245,44,,,2,174,,8246,44,,,2,97,,8247,44,,,2,56,,8248,44,,,2,101,,8249,44,,,2,99,,8250,44,,,2
3800,'52',739,,8251,44,,,2,100,,8252,44,,,2,103,,8253,44,,,2,101,,8254,44,,,2,100,,8255,44,,,2,116,,8256,44,,,2,100,,8257,44,,,2,142,,8258,44,,,2,100,,8259,44,,,2,102,,8260,44,,,2,100,,8261,44,,,2,98,,8265,44,,,2,56,,8266,44,,,2,100,,8262,44,,,2,97,,8263,44,,,2,101,,8264,44,,,2
3800,'53',839,,8267,44,,,2,103,,8268,44,,,2,101,,8269,44,,,2,100,,8270,44,,,2,116,,8271,44,,,2,100,,8272,44,,,2,142,,8273,44,,,2,100,,8274,44,,,2,102,,8275,44,,,2,100,,8276,44,,,2,98,,8277,44,,,2,56,,8278,44,,,2
3900,'51',645,,8280,27,,,2,79,,8281,27,,,2,30,,8279,27,,,2
31100,'64',748,,8392,54,,,2
35100,'64',730,,8403,39,,,2
35500,'62',825,,8405,40,0,38 1 7 37,2
37500,'62',825,,8407,27,,,2
38000,'51',1654,,8409,15,,,2,84,,8410,15,,,2,84,,8411,15,,,2
38100,'64',734,,8415,46,,,2
38500,'62',822,,8417,25,,,2
5003700,'51',636,,8501,54,,,2,15,,8502,47,,,2,75,,8504,47,,,2,31,,8505,47,,,2,73,,8503,54,,,2
5003701,'51',1647,,8507,76,,,2,104,,8506,76,,,2,154,,8508,76,,,2
5003801,'51',1726,,8510,75,,,2,88,,8509,75,,,2
2000003101,'52',712,,9118,44,,,2,100,,9119,76,,,2,102,,9120,76,,,2,102,,9121,76,,,2,100,,9122,76,,,2,100,,9123,76,,,2,102,,9124,76,,,2,201,,9125,76,,,2,101,,9126,76,,,2,100,,9127,76,,,2,101,,9128,76,,,2
2000003101,'53',812,,9130,44,,,2,102,,9131,76,,,2,102,,9132,76,,,2,100,,9133,76,,,2,100,,9134,76,,,2,102,,9135,76,,,2,201,,9136,76,,,2,101,,9137,76,,,2,100,,9138,76,,,2,101,,9139,76,,,2
