3101,'51',605,,8077,35,,,2,29,,8079,35,,,2,67,,8078,67,,,2,34,,8080,67,,,2,102,,8081,67,,,2,105,,8082,67,,,2,100,,8083,67,,,2,100,,8084,67,,,2,104,,8086,67,,,2,102,,8085,67,,,2,101,,8087,67,,,2,101,,8088,67,,,2,97,,8089,67,,,2,71,,8093,67,,,2,30,,8090,67,,,2,73,,8091,67,,,2,29,,8094,67,,,2,68,,8092,67,,,2,32,,8095,67,,,2
3800,'51',806,,8238,36,,,2,105,,8237,36,,,2,98,,8236,36,,,2,102,,8239,36,,,2,113,,8240,36,,,2,102,,8241,36,,,2,102,,8242,36,,,2,109,,8243,43,,,2,116,,8244,36,,,2,72,,8245,36,,,2,134,,8246,36,,,2,97,,8247,36,,,2,96,,8248,36,,,2,101,,8249,36,,,2,99,,8250,36,,,2
3800,'52',735,,8251,36,,,2,100,,8252,36,,,2,103,,8253,36,,,2,101,,8254,36,,,2,100,,8255,36,,,2,116,,8256,36,,,2,100,,8257,36,,,2,102,,8258,36,,,2,100,,8259,36,,,2,102,,8260,36,,,2,100,,8261,36,,,2,98,,8265,36,,,2,96,,8266,36,,,2,100,,8262,36,,,2,97,,8263,36,,,2,101,,8264,36,,,2
3800,'53',835,,8267,36,,,2,103,,8268,36,,,2,101,,8269,36,,,2,100,,8270,36,,,2,116,,8271,36,,,2,100,,8272,36,,,2,102,,8273,36,,,2,100,,8274,36,,,2,102,,8275,36,,,2,100,,8276,36,,,2,98,,8277,36,,,2,96,,8278,36,,,2
3900,'51',633,,8280,11,,,2,79,,8281,11,,,2,30,,8279,11,,,2
31100,'64',739,,8392,43,,,2
38000,'51',1650,,8409,7,,,2,84,,8410,7,,,2,84,,8411,7,,,2
38100,'64',720,,8415,28,,,2
38500,'62',814,,8417,14,,,2
5003801,'51',1722,,8510,67,,,2,88,,8509,67,,,2
2000003101,'52',708,,9118,36,,,2,100,,9119,68,,,2,102,,9120,68,,,2,102,,9121,68,,,2,100,,9122,68,,,2,100,,9123,68,,,2,102,,9124,68,,,2,201,,9125,68,,,2,101,,9126,68,,,2,100,,9127,68,,,2,101,,9128,68,,,2
2000003101,'53',808,,9130,36,,,2,102,,9131,68,,,2,102,,9132,68,,,2,100,,9133,68,,,2,100,,9134,68,,,2,102,,9135,68,,,2,201,,9136,68,,,2,101,,9137,68,,,2,100,,9138,68,,,2,101,,9139,68,,,2
