1100,'51',606,,7809,2,,,1,25,,7806,75,,,1,74,,7810,75,,,1,30,,7807,75,,,1,74,,7811,75,,,1,30,,7808,75,,,1,18,,7812,75,,,1,69,,7814,75,,,1,74,,7813,75,,,1,30,,7815,75,,,1,75,,7818,75,,,1,30,,7816,75,,,1,73,,7819,75,,,1,30,,7817,75,,,1,77,,7820,75,,,1,30,,7821,75,,,1,88,,7822,75,,,1,71,,7824,75,,,1,36,,7823,75,,,1,71,,7825,75,,,1,42,,7827,76,,,1,62,,7826,75,,,1,22,,7829,75,,,1,66,,7828,75,,,1,35,,7830,75,,,1,68,,7832,75,,,1,30,,7831,75,,,1,100,,7833,75,,,1,100,,7834,75,,,1,100,,7835,75,,,1,100,,7836,75,,,1
1100,'52',735,,7837,75,,,1,102,,7838,75,,,1,99,,7839,75,,,1,102,,7840,75,,,1,100,,7841,75,,,1,100,,7842,75,,,1,101,,7843,75,,,1,99,,7844,75,,,1,100,,7845,75,,,1,100,,7846,75,,,1,99,,7847,75,,,1,99,,7848,75,,,1,99,,7849,75,,,1,100,,7850,75,,,1,100,,7852,75,,,1,100,,7853,75,,,1,100,,7851,75,,,1
1100,'53',936,,7854,75,,,1,102,,7855,75,,,1,100,,7856,75,,,1,100,,7857,75,,,1,101,,7858,75,,,1,99,,7859,75,,,1,100,,7860,75,,,1,100,,7861,75,,,1,99,,7862,75,,,1,99,,7863,75,,,1
15801,'68',1629,,8319,6,,,2
20001,'51',549,,8328,5,0,14,2,60,,8329,5,0,14,2,816,,8330,5,0,36 37,2,29,,8331,5,0,36 37,2
20001,'52',620,,8332,5,0,36 37,2,19,,8333,5,0,14,2,9,,8334,5,0,36 37,2
21001,'51',529,,8353,5,,,2,27,,8354,5,,,2,55,,8355,5,,,2,13,,8356,5,,,2,1381,,8361,5,,,2
21001,'52',606,,8362,5,,,2,131,,8363,5,,,2,302,,8364,5,,,2,670,,8365,5,,,2,30,,8366,5,,,2
21001,'53',636,,8367,5,,,2,70,,8368,5,,,2,31,,8369,5,,,2
38001,'51',524,,8412,5,,,2,80,,8413,5,,,2,28,,8414,5,,,2
1200000101,'51',1526,,8526,21,,,1,31,,8527,21,,,1,69,,8528,21,,,1,74,,8529,21,,,1
