3101,'51',603,,8077,32,,,2,29,,8079,32,,,2,27,,8078,64,,,2,74,,8080,64,,,2,102,,8081,64,,,2,105,,8082,64,,,2,100,,8083,64,,,2,100,,8084,64,,,2,104,,8086,64,,,2,102,,8085,64,,,2,101,,8087,64,,,2,101,,8088,64,,,2,97,,8089,64,,,2,71,,8093,64,,,2,30,,8090,64,,,2,73,,8091,64,,,2,29,,8094,64,,,2,68,,8092,64,,,2,32,,8095,64,,,2
3800,'51',804,,8238,33,,,2,105,,8237,33,,,2,98,,8236,33,,,2,102,,8239,33,,,2,113,,8240,33,,,2,102,,8241,33,,,2,102,,8242,33,,,2,109,,8243,40,,,2,116,,8244,33,,,2,72,,8245,33,,,2,134,,8246,33,,,2,97,,8247,33,,,2,96,,8248,33,,,2,101,,8249,33,,,2,99,,8250,33,,,2
3800,'52',733,,8251,33,,,2,100,,8252,33,,,2,103,,8253,33,,,2,101,,8254,33,,,2,100,,8255,33,,,2,116,,8256,33,,,2,100,,8257,33,,,2,102,,8258,33,,,2,100,,8259,33,,,2,102,,8260,33,,,2,100,,8261,33,,,2,98,,8265,33,,,2,96,,8266,33,,,2,100,,8262,33,,,2,97,,8263,33,,,2,101,,8264,33,,,2
3800,'53',833,,8267,33,,,2,103,,8268,33,,,2,101,,8269,33,,,2,100,,8270,33,,,2,116,,8271,33,,,2,100,,8272,33,,,2,102,,8273,33,,,2,100,,8274,33,,,2,102,,8275,33,,,2,100,,8276,33,,,2,98,,8277,33,,,2,96,,8278,33,,,2
31100,'64',738,,8392,40,,,2
38100,'64',718,,8415,25,,,2
38500,'62',812,,8417,11,,,2
5003801,'51',1720,,8510,64,,,2,88,,8509,64,,,2
2000003101,'52',706,,9118,33,,,2,100,,9119,65,,,2,102,,9120,65,,,2,102,,9121,65,,,2,100,,9122,65,,,2,100,,9123,65,,,2,102,,9124,65,,,2,201,,9125,65,,,2,101,,9126,65,,,2,100,,9127,65,,,2,101,,9128,65,,,2
2000003101,'53',806,,9130,33,,,2,102,,9131,65,,,2,102,,9132,65,,,2,100,,9133,65,,,2,100,,9134,65,,,2,102,,9135,65,,,2,201,,9136,65,,,2,101,,9137,65,,,2,100,,9138,65,,,2,101,,9139,65,,,2
