3101,'51',614,,8077,50,4,,2,31,,8079,50,4,,2,68,,8078,82,4,,2,34,,8080,82,4,,2,99,,8081,82,4,,2,105,,8082,82,4,,2,100,,8083,82,4,,2,100,,8084,82,4,,2,104,,8086,82,4,,2,102,,8085,82,4,,2,101,,8087,82,4,,2,142,,8088,82,4,,2,57,,8089,82,4,,2,71,,8093,82,4,,2,29,,8090,82,4,,2,73,,8091,82,4,,2,29,,8094,82,4,,2,68,,8092,82,4,,2,32,,8095,82,4,,2
3701,'51',559,,8188,41,4,,2,189,,8189,48,0,32 1 33,2,101,,8190,48,4,,2,102,,8191,48,4,,2,98,,8192,48,4,,2,102,,8193,48,4,,2,153,,8194,48,4,,2,102,,8195,48,4,,2,102,,8196,48,4,,2,117,,8197,48,4,,2,180,,8198,48,4,,2,31,,8199,48,4,,2,100,,8200,48,4,,2,97,,8201,48,4,,2,97,,8202,48,4,,2,101,,8203,48,4,,2,100,,8204,48,4,,2,25,,8205,48,4,,2
3701,'52',714,,8206,48,4,,2,100,,8207,48,4,,2,101,,8208,48,4,,2,102,,8209,48,4,,2,101,,8210,48,4,,2,116,,8211,48,4,,2,100,,8212,48,4,,2,102,,8213,48,4,,2,100,,8214,48,4,,2,100,,8215,48,4,,2,102,,8216,48,4,,2,98,,8222,48,4,,2,98,,8223,48,4,,2,96,,8217,48,4,,2,100,,8218,48,4,,2,101,,8219,48,4,,2,98,,8220,48,4,,2,25,,8221,48,4,,2
3701,'53',814,,8224,48,4,,2,101,,8225,48,4,,2,102,,8226,48,4,,2,101,,8227,48,4,,2,116,,8228,48,4,,2,100,,8229,48,4,,2,102,,8230,48,4,,2,100,,8231,48,4,,2,100,,8232,48,4,,2,102,,8233,48,4,,2,98,,8234,48,4,,2,98,,8235,48,4,,2
3800,'51',816,,8238,49,4,,2,104,,8237,49,4,,2,98,,8236,49,4,,2,102,,8239,49,4,,2,113,,8240,49,4,,2,102,,8241,49,4,,2,102,,8242,49,4,,2,110,,8243,56,4,,2,156,,8244,49,4,,2,31,,8245,49,4,,2,174,,8246,49,4,,2,97,,8247,49,4,,2,96,,8248,49,4,,2,101,,8249,49,4,,2,99,,8250,49,4,,2
3800,'52',744,,8251,49,4,,2,100,,8252,49,4,,2,103,,8253,49,4,,2,101,,8254,49,4,,2,100,,8255,49,4,,2,156,,8256,49,4,,2,100,,8257,49,4,,2,102,,8258,49,4,,2,100,,8259,49,4,,2,102,,8260,49,4,,2,100,,8261,49,4,,2,98,,8265,49,4,,2,96,,8266,49,4,,2,100,,8262,49,4,,2,57,,8263,49,4,,2,141,,8264,49,4,,2
3800,'53',844,,8267,49,4,,2,103,,8268,49,4,,2,101,,8269,49,4,,2,100,,8270,49,4,,2,156,,8271,49,4,,2,100,,8272,49,4,,2,102,,8273,49,4,,2,100,,8274,49,4,,2,102,,8275,49,4,,2,100,,8276,49,4,,2,98,,8277,49,4,,2,96,,8278,49,4,,2
3900,'51',651,,8280,34,4,,2,79,,8281,34,4,,2,70,,8279,34,4,,2
34501,'63',1635,,8401,33,,,2
5003700,'51',642,,8501,59,,,2,15,,8502,52,,,2,75,,8504,52,,,2,71,,8505,52,,,2,32,,8503,59,,,2
5004200,'61',702,,8511,19,,,2
1200000101,'51',1548,,8526,45,,,1,72,,8527,45,,,1,31,,8528,45,,,1,71,,8529,45,,,1
1200000200,'51',549,,8533,19,,,1,55,,8531,41,,,1,15,,8535,41,,,1,8,,8539,19,,,1,8,,8537,41,,,1,8,,8542,19,,,1,9,,8538,41,,,1,55,,8540,41,,,1,16,,8544,41,,,1,17,,8530,41,,,1,15,,8545,41,,,1,55,,8534,41,,,1,14,,8541,41,,,1,14,,8532,41,,,1,15,,8543,41,,,1,59,,8536,41,,,1,13,,8549,41,,,1,17,,8548,41,,,1,17,,8551,41,,,1,54,,8547,41,,,1,15,,8546,41,,,1,15,,8552,41,,,1,15,,8554,41,,,1,55,,8555,41,,,1,15,,8556,41,,,1,15,,8550,41,,,1,15,,8557,41,,,1,55,,8558,41,,,1,15,,8559,41,,,1,16,,8560,41,,,1,15,,8561,41,,,1,55,,8553,41,,,1,15,,8562,41,,,1,14,,8564,41,,,1,15,,8565,41,,,1,55,,8566,41,,,1,21,,8563,41,,,1,12,,8568,41,,,1,56,,8571,41,,,1,15,,8572,41,,,1,16,,8574,41,,,1,12,,8567,41,,,1,14,,8575,41,,,1,55,,8570,41,,,1,15,,8577,41,,,1,9,,8581,28,,,1,8,,8579,41,,,1,12,,8583,41,,,1,55,,8569,41,,,1,17,,8582,41,,,1,14,,8584,41,,,1,14,,8573,41,,,1,54,,8576,41,,,1,15,,8578,41,,,1,15,,8585,41,,,1,15,,8580,41,,,1,70,,8588,41,,,1,30,,8587,41,,,1,70,,8592,41,,,1,30,,8586,41,,,1,69,,8594,41,,,1,32,,8589,41,,,1,70,,8591,41,,,1,72,,8593,41,,,1,26,,8595,41,,,1,30,,8590,41,0,14,1
1200000200,'52',727,,8599,41,,,1,30,,8598,41,,,1,71,,8602,41,,,1,30,,8596,41,,,1,70,,8601,41,,,1,30,,8600,41,,,1,70,,8604,41,,,1,30,,8603,41,,,1,70,,8597,41,,,1,31,,8607,41,,,1,70,,8608,41,,,1,30,,8605,41,,,1,70,,8606,41,,,1,71,,8611,41,,,1,30,,8610,41,,,1,29,,8609,41,,,1,70,,8614,41,,,1,30,,8616,41,,,1,70,,8612,41,,,1,30,,8619,41,,,1,70,,8618,41,,,1,30,,8615,41,,,1,69,,8617,41,,,1,28,,8622,41,,,1,70,,8613,41,,,1,31,,8620,41,,,1,69,,8623,41,,,1,29,,8625,41,,,1,70,,8624,41,,,1,30,,8628,41,,,1,70,,8621,41,,,1,30,,8626,41,,,1,70,,8627,41,,,1
1200000200,'53',727,,8629,41,,,1,30,,8630,41,,,1,71,,8631,41,,,1,30,,8632,41,,,1,70,,8634,41,,,1,30,,8638,41,,,1,70,,8636,41,,,1,30,,8640,41,,,1,70,,8637,41,,,1,31,,8635,41,,,1,70,,8639,41,,,1,30,,8641,41,,,1,70,,8633,41,,,1,71,,8642,41,,,1,30,,8644,41,,,1,29,,8647,41,,,1,70,,8649,41,,,1,30,,8651,41,,,1,70,,8643,41,,,1,30,,8645,41,,,1,70,,8648,41,,,1,30,,8650,41,,,1,69,,8652,41,,,1,28,,8654,41,,,1,70,,8653,41,,,1,31,,8646,41,,,1,69,,8655,41,,,1
1200000200,'69',704,,8656,19,,,1,47,,8657,19,,,1
1200000400,'51',659,,9024,43,,,1,56,,9025,43,,,1,16,,9026,43,,,1,16,,9023,43,,,1
2000003101,'52',717,,9118,51,4,,2,100,,9119,83,4,,2,102,,9120,83,4,,2,102,,9121,83,4,,2,100,,9122,83,4,,2,100,,9123,83,4,,2,102,,9124,83,4,,2,201,,9125,83,4,,2,101,,9126,83,4,,2,100,,9127,83,4,,2,101,,9128,83,4,,2
2000003101,'53',817,,9130,51,4,,2,102,,9131,83,4,,2,102,,9132,83,4,,2,100,,9133,83,4,,2,100,,9134,83,4,,2,102,,9135,83,4,,2,201,,9136,83,4,,2,101,,9137,83,4,,2,100,,9138,83,4,,2,101,,9139,83,4,,2
