2300,'1',611,,5924,49,,,2,196,,5919,49,,,2,40,,5927,49,,,2,73,,5904,49,,,2,36,,5906,49,,,2,70,,5905,49,,,2,30,,5907,49,,,2,70,,5908,49,,,2,30,,5909,49,,,2,70,,5912,35,,,2,30,,5910,35,,,2,70,,5913,35,,,2,30,,5911,35,,,2,71,,5914,35,,,2,73,,5915,35,,,2,33,,5917,35,,,2,119,,5918,35,,,2,77,,5916,35,,,2,24,,5925,35,,,2,71,,5920,35,,,2,30,,5926,35,,,2,73,,5921,35,,,2,102,,5922,35,,,2,95,,5923,35,,,2
2300,'13',846,,5928,13,0,14 1 15,2
2300,'2',649,,5930,49,,,2,100,,5931,49,,,2,101,,5932,49,,,2,102,,5933,49,,,2,102,,5934,49,,,2,102,,5935,49,,,2,101,,5936,49,,,2,101,,5937,35,,,2,100,,5938,35,,,2,100,,5939,35,,,2,101,,5940,35,,,2,88,,5941,35,,,2
2300,'3',749,,5942,49,,,2,101,,5943,49,,,2,102,,5944,49,,,2,102,,5945,49,,,2,102,,5946,49,,,2,101,,5947,49,,,2,101,,5948,35,,,2,100,,5949,35,,,2,100,,5950,35,,,2,101,,5951,35,,,2,88,,5952,35,,,2
22100,'15',719,,6288,22,,,2
23100,'15',729,,6293,56,,,2
5002300,'1',639,,6378,49,,,2,66,,6379,49,,,2,30,,6380,49,,,2
5002400,'1',705,,6384,25,,,2,28,,6383,25,,,2
5004300,'11',658,,6400,2,,,2,160,,6401,2,,,2
1200000100,'1',558,,7140,40,0,14,1,64,,7141,40,0,34 35 6 31,1,30,,7142,40,0,34 35 6 31,1,60,,7143,40,0,34 35 6 31,1,30,,7146,40,0,16 1 17,1,70,,7144,40,0,34 35 6 31,1
1200000300,'1',620,,7407,40,0,36 37,1,16,,7410,40,0,36 37,1,14,,7412,40,0,36 37,1,50,,7415,40,0,36 37,1,10,,7409,40,0,36 37,1,16,,7417,40,0,36 37,1,14,,7413,40,0,36 37,1,15,,7418,40,0,36 37,1,55,,7420,40,0,36 37,1,16,,7408,40,0,36 37,1,15,,7411,40,0,36 37,1,15,,7416,40,0,36 37,1,70,,7414,40,0,36 37,1,32,,7419,40,0,36 37,1,73,,7421,40,0,36 37,1,70,,7423,40,0,36 37,1,30,,7425,40,0,36 37,1,72,,7427,40,0,36 37,1,30,,7422,40,0,36 37,1,70,,7424,40,0,36 37,1,28,,7426,40,0,36 37,1,70,,7428,40,0,36 37,1,29,,7429,40,0,36 37,1,74,,7430,40,0,36 37,1,31,,7433,42,0,36 37,1,67,,7434,42,0,36 37,1,28,,7435,42,0,36 37,1,72,,7432,42,0,36 37,1,31,,7431,42,0,36 37,1,73,,7436,42,0,36 37,1,24,,7439,40,0,36 37,1,27,,7437,40,0,36 37,1,61,,7441,40,0,36 37,1,30,,7442,40,0,36 37,1,72,,7440,40,0,36 37,1,33,,7447,40,0,36 37,1,66,,7438,40,0,36 37,1,27,,7443,40,0,36 37,1,70,,7444,40,0,36 37,1,30,,7448,40,0,36 37,1,66,,7445,40,0,36 37,1,30,,7449,40,0,36 37,1,68,,7446,40,0,36 37,1
1200000300,'2',658,,7450,40,0,36 37,1,70,,7453,40,0,36 37,1,30,,7456,40,0,36 37,1,71,,7459,40,0,36 37,1,30,,7451,40,0,36 37,1,71,,7454,40,0,36 37,1,70,,7457,40,0,36 37,1,31,,7460,40,0,36 37,1,71,,7452,40,0,36 37,1,30,,7455,40,0,36 37,1,71,,7458,40,0,36 37,1,30,,7461,40,0,36 37,1,71,,7462,40,0,36 37,1,30,,7466,40,0,36 37,1,70,,7472,40,0,36 37,1,30,,7469,40,0,36 37,1,70,,7463,40,0,36 37,1,30,,7467,40,0,36 37,1,69,,7473,40,0,36 37,1,30,,7470,40,0,36 37,1,70,,7464,40,0,36 37,1,30,,7468,40,0,36 37,1,69,,7474,40,0,36 37,1,30,,7471,40,0,36 37,1,19,,7465,40,0,36 37,1,94,,7475,40,0,36 37,1,100,,7476,40,0,36 37,1,96,,7477,40,0,36 37,1,99,,7478,40,0,36 37,1,177,,7479,40,0,36 37,1
1200000300,'3',728,,7480,40,0,36 37,1,30,,7482,40,0,36 37,1,71,,7488,40,0,36 37,1,30,,7485,40,0,36 37,1,71,,7481,40,0,36 37,1,70,,7483,40,0,36 37,1,31,,7489,40,0,36 37,1,71,,7486,40,0,36 37,1,30,,7490,40,0,36 37,1,71,,7484,40,0,36 37,1,30,,7492,40,0,36 37,1,71,,7487,40,0,36 37,1,30,,7491,40,0,36 37,1,70,,7494,40,0,36 37,1,30,,7493,40,0,36 37,1,70,,7498,40,0,36 37,1,30,,7501,40,0,36 37,1,69,,7495,40,0,36 37,1,30,,7504,40,0,36 37,1,70,,7499,40,0,36 37,1,30,,7502,40,0,36 37,1,69,,7496,40,0,36 37,1,30,,7505,40,0,36 37,1,19,,7500,40,0,36 37,1,94,,7497,40,0,36 37,1,157,,7503,40,0,36 37,1
