2201,'51',626,,7949,3,,,2,28,,7965,3,0,23,2,70,,7950,3,0,23,2,25,,7967,3,,,2,68,,7969,3,,,2,26,,7966,3,,,2,66,,7968,3,,,2,42,,7951,3,,,2,77,,7955,3,,,2,72,,7952,3,,,2,30,,7956,3,,,2,70,,7953,3,,,2,31,,7957,3,,,2,70,,7954,3,,,2,30,,7958,3,,,2,70,,7970,3,,,2,30,,7959,3,,,2,75,,7960,3,,,2,25,,7962,3,,,2,15,,7971,3,,,2,91,,7972,7,,,2,71,,7973,3,,,2,35,,7961,3,,,2,72,,7963,3,,,2,25,,7974,3,,,2,64,,7964,3,,,2
2201,'68',1637,,7975,7,,,2
2301,'51',620,,8041,3,,,2,30,,8045,3,,,2,150,,8046,3,,,2,38,,8023,3,,,2,72,,8027,3,,,2,29,,8024,3,,,2,75,,8028,3,,,2,31,,8025,3,,,2,70,,8029,3,,,2,30,,8026,3,,,2,70,,8030,3,,,2,31,,8031,3,,,2,70,,8033,3,,,2,30,,8032,3,,,2,70,,8034,3,,,2,34,,8044,3,,,2,82,,8042,3,,,2,105,,8043,7,,,2,105,,8036,3,,,2,69,,8035,3,,,2,38,,8037,3,,,2,102,,8038,3,,,2,90,,8039,3,,,2,114,,8040,3,,,2
2301,'52',657,,8047,3,,,2,100,,8048,3,,,2,101,,8049,3,,,2,101,,8050,3,,,2,141,,8051,3,,,2,101,,8052,3,,,2,101,,8053,3,,,2,100,,8054,3,,,2,100,,8055,3,,,2,100,,8056,3,,,2,101,,8057,3,,,2,97,,8058,3,,,2
2301,'53',757,,8059,3,,,2,101,,8060,3,,,2,101,,8061,3,,,2,141,,8062,3,,,2,101,,8063,3,,,2,101,,8064,3,,,2,100,,8065,3,,,2,100,,8066,3,,,2,100,,8067,3,,,2,101,,8068,3,,,2,97,,8069,3,,,2
2301,'68',1637,,8070,7,,,2
20001,'51',1449,,8330,16,0,36 37,2,72,,8331,16,0,36 37,2
20001,'52',636,,8332,16,0,36 37,2,70,,8334,16,0,36 37,2
22100,'64',725,,8370,28,,,2
22101,'65',1522,,8371,16,,,2
23101,'65',1521,,8379,16,,,2
23200,'64',721,,8380,20,,,2
23201,'65',1526,,8381,24,,,2
32500,'62',811,,8398,16,,,2
32501,'63',1639,,8399,49,,,2
5002300,'51',643,,8479,55,,,2,68,,8481,55,,,2,30,,8482,55,,,2,70,,8480,55,,,2
5002301,'51',1604,,8486,13,,,2,46,,8484,13,,,2,67,,8483,13,,,2,110,,8485,13,,,2
5002400,'51',711,,8489,31,,,2,28,,8487,31,,,2,70,,8488,31,,,2
5002401,'51',1605,,8492,13,,,2,46,,8490,13,,,2,66,,8491,13,,,2
5003400,'51',647,,8494,33,,,2,62,,8493,33,,,2
5003700,'51',652,,8501,68,4,,2,56,,8502,61,,,2,35,,8504,61,,,2,71,,8505,61,,,2,31,,8503,68,,,2
5004200,'61',713,,8511,28,,,2
5004300,'61',704,,8512,8,,,2,118,,8513,8,,,2
5004301,'61',1646,,8514,8,0,14 1 18 19 20,2,95,,8516,8,0,14 1 18 19 20,2,89,,8515,8,0,14 1 18 19 20,2
1200000101,'51',1557,,8526,54,,,1,72,,8527,54,,,1,71,,8528,54,,,1,31,,8529,54,,,1
1200000200,'51',557,,8533,28,,,1,55,,8531,50,,,1,16,,8535,50,,,1,8,,8539,28,,,1,9,,8537,50,,,1,8,,8542,28,,,1,49,,8538,50,,,1,16,,8540,50,,,1,17,,8544,50,,,1,16,,8530,50,,,1,55,,8545,50,,,1,15,,8534,50,,,1,14,,8541,50,,,1,13,,8532,50,,,1,55,,8543,50,,,1,17,,8536,50,,,1,13,,8549,50,,,1,17,,8548,50,,,1,57,,8551,50,,,1,14,,8547,50,,,1,15,,8546,50,,,1,15,,8552,50,,,1,55,,8554,50,,,1,15,,8555,50,,,1,15,,8556,50,,,1,15,,8550,50,,,1,55,,8557,50,,,1,15,,8558,50,,,1,15,,8559,50,,,1,16,,8560,50,,,1,55,,8561,50,,,1,15,,8553,50,,,1,15,,8562,50,,,1,14,,8564,50,,,1,55,,8565,50,,,1,15,,8566,50,,,1,22,,8563,50,,,1,12,,8568,50,,,1,56,,8571,50,,,1,15,,8572,50,,,1,16,,8574,50,,,1,12,,8567,50,,,1,54,,8575,50,,,1,15,,8570,50,,,1,15,,8577,50,,,1,9,,8581,37,,,1,8,,8579,50,,,1,52,,8583,50,,,1,15,,8569,50,,,1,16,,8582,50,,,1,14,,8584,50,,,1,54,,8573,50,,,1,14,,8576,50,,,1,15,,8578,50,,,1,15,,8585,50,,,1,55,,8580,50,,,1,30,,8588,50,,,1,70,,8587,50,,,1,30,,8592,50,,,1,70,,8586,50,,,1,29,,8594,50,,,1,72,,8589,50,,,1,29,,8591,50,,,1,72,,8593,50,,,1,26,,8595,50,,,1
1200000200,'52',735,,8599,50,,,1,70,,8598,50,,,1,31,,8602,50,,,1,70,,8596,50,,,1,30,,8601,50,,,1,70,,8600,50,,,1,30,,8604,50,,,1,70,,8603,50,,,1,30,,8597,50,,,1,72,,8607,50,,,1,30,,8608,50,,,1,70,,8605,50,,,1,30,,8606,50,,,1,71,,8611,50,,,1,30,,8610,50,,,1,69,,8609,50,,,1,30,,8614,50,,,1,70,,8616,50,,,1,30,,8612,50,,,1,70,,8619,50,,,1,30,,8618,50,,,1,70,,8615,50,,,1,28,,8617,50,,,1,68,,8622,50,,,1,30,,8613,50,,,1,71,,8620,50,,,1,29,,8623,50,,,1,69,,8625,50,,,1,30,,8624,50,,,1,70,,8628,50,,,1,30,,8621,50,,,1,70,,8626,50,,,1,30,,8627,50,,,1
1200000200,'53',735,,8629,50,,,1,70,,8630,50,,,1,31,,8631,50,,,1,70,,8632,50,,,1,30,,8634,50,,,1,70,,8638,50,,,1,30,,8636,50,,,1,70,,8640,50,,,1,30,,8637,50,,,1,72,,8635,50,,,1,30,,8639,50,,,1,70,,8641,50,,,1,30,,8633,50,,,1,71,,8642,50,,,1,30,,8644,50,,,1,69,,8647,50,,,1,30,,8649,50,,,1,70,,8651,50,,,1,30,,8643,50,,,1,70,,8645,50,,,1,30,,8648,50,,,1,70,,8650,50,,,1,28,,8652,50,,,1,68,,8654,50,,,1,30,,8653,50,,,1,71,,8646,50,,,1,29,,8655,50,,,1
1200000200,'69',715,,8656,28,,,1,87,,8657,28,,,1
1200000300,'51',624,,8806,46,0,36 37,1,16,,8809,46,0,36 37,1,15,,8811,46,0,36 37,1,51,,8815,46,0,36 37,1,10,,8808,46,0,36 37,1,10,,8816,46,0,36 37,1,10,,8817,46,0,36 37,1,10,,8812,46,0,36 37,1,55,,8820,46,0,36 37,1,14,,8822,46,0,36 37,1,16,,8807,46,0,36 37,1,18,,8818,48,0,36 37,1,55,,8810,48,0,36 37,1,15,,8805,48,0,36 37,1,15,,8813,48,0,36 37,1,15,,8819,48,0,36 37,1,60,,8821,48,0,36 37,1,20,,8824,48,0,36 37,1,20,,8823,48,0,36 37,1,60,,8826,48,0,36 37,1,20,,8814,48,0,36 37,1,20,,8828,48,0,36 37,1,62,,8830,48,0,36 37,1,20,,8825,48,0,36 37,1,20,,8831,48,0,36 37,1,60,,8827,48,0,36 37,1,18,,8833,48,0,36 37,1,20,,8829,48,0,36 37,1,59,,8834,48,0,36 37,1,20,,8836,48,0,36 37,1,19,,8832,48,0,36 37,1,65,,8838,48,0,36 37,1,31,,8840,50,0,36 37,1,68,,8835,50,0,36 37,1,29,,8837,50,0,36 37,1,71,,8841,50,0,36 37,1,30,,8839,50,0,36 37,1,73,,8842,50,0,36 37,1,24,,8844,48,0,36 37,1,66,,8843,48,0,36 37,1,21,,8850,48,0,36 37,1,30,,8852,48,0,36 37,1,72,,8853,48,0,36 37,1,73,,8855,48,0,36 37,1
1200000300,'52',706,,8856,48,0,36 37,1,30,,8860,48,0,36 37,1,70,,8862,48,0,36 37,1,31,,8864,48,0,36 37,1,70,,8857,48,0,36 37,1,31,,8861,48,0,36 37,1,70,,8863,48,0,36 37,1,31,,8865,48,0,36 37,1,71,,8858,48,0,36 37,1,31,,8869,48,0,36 37,1,71,,8859,48,0,36 37,1,30,,8866,48,0,36 37,1,71,,8867,48,0,36 37,1,30,,8870,48,0,36 37,1,70,,8872,48,0,36 37,1,30,,8874,48,0,36 37,1,70,,8868,48,0,36 37,1,30,,8871,48,0,36 37,1,69,,8873,48,0,36 37,1,28,,8875,48,0,36 37,1,70,,8876,48,0,36 37,1,30,,8878,48,0,36 37,1,69,,8879,48,0,36 37,1,30,,8881,48,0,36 37,1
1200000300,'53',736,,8886,48,0,36 37,1,70,,8888,48,0,36 37,1,31,,8891,48,0,36 37,1,70,,8893,48,0,36 37,1,31,,8887,48,0,36 37,1,70,,8889,48,0,36 37,1,31,,8892,48,0,36 37,1,71,,8894,48,0,36 37,1,31,,8896,48,0,36 37,1,71,,8890,48,0,36 37,1,30,,8898,48,0,36 37,1,71,,8895,48,0,36 37,1,30,,8897,48,0,36 37,1,70,,8900,48,0,36 37,1,30,,8899,48,0,36 37,1,70,,8904,48,0,36 37,1,30,,8907,48,0,36 37,1,69,,8901,48,0,36 37,1,28,,8909,48,0,36 37,1,70,,8905,48,0,36 37,1,30,,8908,48,0,36 37,1,69,,8902,48,0,36 37,1,30,,8910,48,0,36 37,1
1200000301,'51',608,,8915,3,,,1,28,,8920,3,,,1,75,,8913,16,,,1,20,,8917,16,,,1,75,,8912,16,,,1,29,,8927,16,,,1,65,,8928,16,,,1,25,,8914,16,,,1,29,,8918,16,,,1,67,,8922,16,,,1,36,,8929,16,,,1,60,,8931,16,,,1,20,,8930,16,,,1,20,,8933,16,,,1,63,,8923,16,,,1,20,,8935,16,,,1,62,,8937,16,,,1,19,,8932,16,,,1,20,,8938,16,,,1,60,,8934,16,,,1,18,,8940,16,,,1,20,,8936,16,,,1,19,,8941,16,,,1,64,,8942,16,,,1,16,,8939,13,,,1,16,,8944,13,,,1,61,,8943,13,,,1,18,,8952,13,,,1,19,,8949,13,,,1,52,,8951,13,,,1,14,,8946,13,,,1,14,,8945,13,,,1,16,,8955,13,,,1,54,,8953,13,,,1,12,,8958,13,,,1,8,,8948,13,,,1,7,,8950,13,,,1,13,,8947,13,,,1,16,,8954,13,,,1,65,,8957,16,,,1,24,,8956,16,,,1,71,,8966,16,,,1,30,,8965,16,,,1,70,,8967,16,,,1,33,,8961,16,,,1,72,,8959,3,,,1,30,,8962,3,,,1,68,,8960,3,,,1,30,,8963,3,,,1,79,,8964,3,,,1
1200000301,'52',747,,8968,16,,,1,70,,8972,16,,,1,31,,8974,16,,,1,71,,8976,16,,,1,31,,8969,16,,,1,72,,8973,16,,,1,31,,8975,16,,,1,71,,8977,16,,,1,31,,8970,16,,,1,71,,8981,16,,,1,31,,8971,16,,,1,71,,8978,16,,,1,31,,8979,16,,,1,70,,8982,16,,,1,30,,8984,16,,,1,70,,8986,16,,,1,30,,8980,16,,,1,71,,8983,16,,,1,71,,8985,16,,,1,27,,8987,16,,,1,28,,8988,16,,,1,69,,8989,16,,,1,27,,8990,16,,,1,67,,8992,16,,,1,35,,8991,3,,,1,100,,8993,3,,,1,96,,8994,3,,,1,99,,8995,3,,,1,78,,8996,3,,,1,102,,8997,3,,,1
1200000301,'53',817,,8998,16,,,1,31,,9000,16,,,1,71,,9003,16,,,1,31,,9005,16,,,1,72,,8999,16,,,1,31,,9001,16,,,1,71,,9004,16,,,1,31,,9006,16,,,1,71,,9008,16,,,1,31,,9002,16,,,1,71,,9010,16,,,1,31,,9007,16,,,1,70,,9009,16,,,1,30,,9012,16,,,1,70,,9011,16,,,1,30,,9015,16,,,1,71,,9017,16,,,1,71,,9013,16,,,1,27,,9019,16,,,1,28,,9016,16,,,1,69,,9018,16,,,1,27,,9014,16,,,1,67,,9020,16,,,1,35,,9021,3,,,1,161,,9022,3,,,1
1200000400,'51',710,,9024,52,,,1,16,,9025,52,,,1,16,,9026,52,,,1,16,,9023,52,,,1
