2300,'1',610,,5924,48,,,2,195,,5919,48,,,2,40,,5927,48,,,2,74,,5904,48,,,2,36,,5906,48,,,2,70,,5905,48,,,2,30,,5907,48,,,2,70,,5908,48,,,2,30,,5909,48,,,2,70,,5912,34,,,2,30,,5910,34,,,2,70,,5913,34,,,2,30,,5911,34,,,2,71,,5914,34,,,2,33,,5915,34,,,2,72,,5917,34,,,2,119,,5918,34,,,2,77,,5916,34,,,2,24,,5925,34,,,2,72,,5920,34,,,2,30,,5926,34,,,2,73,,5921,34,,,2,102,,5922,34,,,2,95,,5923,34,,,2
2300,'13',844,,5928,12,0,14 1 15,2
2300,'2',647,,5930,48,,,2,100,,5931,48,,,2,101,,5932,48,,,2,102,,5933,48,,,2,102,,5934,48,,,2,102,,5935,48,,,2,101,,5936,48,,,2,101,,5937,34,,,2,100,,5938,34,,,2,100,,5939,34,,,2,101,,5940,34,,,2,88,,5941,34,,,2
2300,'3',747,,5942,48,,,2,101,,5943,48,,,2,102,,5944,48,,,2,102,,5945,48,,,2,102,,5946,48,,,2,101,,5947,48,,,2,101,,5948,34,,,2,100,,5949,34,,,2,100,,5950,34,,,2,101,,5951,34,,,2,88,,5952,34,,,2
2400,'1',640,,6004,24,,,2,163,,6003,24,,,2
6500,'1',643,,6220,45,,,2,59,,6221,45,,,2,30,,6222,45,,,2
22100,'15',713,,6288,18,,,2
5002300,'1',637,,6378,48,,,2,66,,6379,48,,,2,30,,6380,48,,,2
5002400,'1',703,,6384,24,,,2,28,,6383,24,,,2
1200000100,'1',557,,7140,39,0,14,1,64,,7141,39,0,34 35 6 31,1,30,,7142,39,0,34 35 6 31,1,59,,7143,39,0,34 35 6 31,1,30,,7146,39,0,16 1 17,1,71,,7144,39,0,34 35 6 31,1
1200000300,'1',619,,7407,39,0,36 37,1,16,,7410,39,0,36 37,1,14,,7412,39,0,36 37,1,10,,7415,39,0,36 37,1,49,,7409,39,0,36 37,1,16,,7417,39,0,36 37,1,14,,7413,39,0,36 37,1,15,,7418,39,0,36 37,1,56,,7420,39,0,36 37,1,16,,7408,39,0,36 37,1,15,,7411,39,0,36 37,1,15,,7416,39,0,36 37,1,70,,7414,39,0,36 37,1,32,,7419,39,0,36 37,1,73,,7421,39,0,36 37,1,70,,7423,39,0,36 37,1,30,,7425,39,0,36 37,1,72,,7427,39,0,36 37,1,30,,7422,39,0,36 37,1,70,,7424,39,0,36 37,1,28,,7426,39,0,36 37,1,70,,7428,39,0,36 37,1,29,,7429,39,0,36 37,1,74,,7430,39,0,36 37,1,31,,7433,41,0,36 37,1,67,,7434,41,0,36 37,1,28,,7435,41,0,36 37,1,72,,7432,41,0,36 37,1,31,,7431,41,0,36 37,1,73,,7436,41,0,36 37,1,24,,7439,39,0,36 37,1,27,,7437,39,0,36 37,1,61,,7441,39,0,36 37,1,30,,7442,39,0,36 37,1,72,,7440,39,0,36 37,1,33,,7447,39,0,36 37,1,66,,7438,39,0,36 37,1,27,,7443,39,0,36 37,1,70,,7444,39,0,36 37,1,30,,7448,39,0,36 37,1,66,,7445,39,0,36 37,1,30,,7449,39,0,36 37,1,68,,7446,39,0,36 37,1
1200000300,'2',657,,7450,39,0,36 37,1,70,,7453,39,0,36 37,1,30,,7456,39,0,36 37,1,71,,7459,39,0,36 37,1,30,,7451,39,0,36 37,1,71,,7454,39,0,36 37,1,30,,7457,39,0,36 37,1,71,,7460,39,0,36 37,1,71,,7452,39,0,36 37,1,30,,7455,39,0,36 37,1,71,,7458,39,0,36 37,1,30,,7461,39,0,36 37,1,71,,7462,39,0,36 37,1,30,,7466,39,0,36 37,1,70,,7472,39,0,36 37,1,30,,7469,39,0,36 37,1,70,,7463,39,0,36 37,1,30,,7467,39,0,36 37,1,69,,7473,39,0,36 37,1,30,,7470,39,0,36 37,1,70,,7464,39,0,36 37,1,30,,7468,39,0,36 37,1,69,,7474,39,0,36 37,1,30,,7471,39,0,36 37,1,19,,7465,39,0,36 37,1,94,,7475,39,0,36 37,1,100,,7476,39,0,36 37,1,96,,7477,39,0,36 37,1,99,,7478,39,0,36 37,1,177,,7479,39,0,36 37,1
1200000300,'3',727,,7480,39,0,36 37,1,30,,7482,39,0,36 37,1,71,,7488,39,0,36 37,1,30,,7485,39,0,36 37,1,71,,7481,39,0,36 37,1,30,,7483,39,0,36 37,1,71,,7489,39,0,36 37,1,71,,7486,39,0,36 37,1,30,,7490,39,0,36 37,1,71,,7484,39,0,36 37,1,30,,7492,39,0,36 37,1,71,,7487,39,0,36 37,1,30,,7491,39,0,36 37,1,70,,7494,39,0,36 37,1,30,,7493,39,0,36 37,1,70,,7498,39,0,36 37,1,30,,7501,39,0,36 37,1,69,,7495,39,0,36 37,1,30,,7504,39,0,36 37,1,70,,7499,39,0,36 37,1,30,,7502,39,0,36 37,1,69,,7496,39,0,36 37,1,30,,7505,39,0,36 37,1,19,,7500,39,0,36 37,1,94,,7497,39,0,36 37,1,157,,7503,39,0,36 37,1
2000002200,'1',645,,7709,65,0,18 19 20,2,90,,7711,37,0,18 19 20,2,100,,7713,37,0,18 19 20,2
2000002201,'1',1626,,7714,69,0,21 22 1 18 19 20 44 45,2,83,,7715,69,0,21 22 1 18 19 20 44 45,2,48,,7716,69,0,21 22 1 18 19 20 44 45,2,84,,7717,69,0,21 22 1 18 19 20 44 45,2
