2201,'51',625,,7949,2,,,2,28,,7965,2,0,23,2,70,,7950,2,0,23,2,25,,7967,2,,,2,68,,7969,2,,,2,26,,7966,2,,,2,66,,7968,2,,,2,42,,7951,2,,,2,77,,7955,2,,,2,32,,7952,2,,,2,70,,7956,2,,,2,30,,7953,2,,,2,71,,7957,2,,,2,70,,7954,2,,,2,30,,7958,2,,,2,70,,7970,2,,,2,30,,7959,2,,,2,74,,7960,2,,,2,25,,7962,2,,,2,15,,7971,2,,,2,91,,7972,6,,,2,71,,7973,2,,,2,35,,7961,2,,,2,72,,7963,2,,,2,26,,7974,2,,,2,64,,7964,2,,,2
2201,'68',1635,,7975,6,,,2
2301,'51',619,,8041,2,,,2,30,,8045,2,,,2,110,,8046,2,,,2,78,,8023,2,,,2,72,,8027,2,,,2,29,,8024,2,,,2,75,,8028,2,,,2,31,,8025,2,,,2,70,,8029,2,,,2,30,,8026,2,,,2,70,,8030,2,,,2,31,,8031,2,,,2,70,,8033,2,,,2,30,,8032,2,,,2,70,,8034,2,,,2,34,,8044,2,,,2,82,,8042,2,,,2,104,,8043,6,,,2,106,,8036,2,,,2,69,,8035,2,,,2,38,,8037,2,,,2,102,,8038,2,,,2,90,,8039,2,,,2,114,,8040,2,,,2
2301,'52',656,,8047,2,,,2,100,,8048,2,,,2,101,,8049,2,,,2,101,,8050,2,,,2,101,,8051,2,,,2,141,,8052,2,,,2,101,,8053,2,,,2,100,,8054,2,,,2,100,,8055,2,,,2,100,,8056,2,,,2,101,,8057,2,,,2,57,,8058,2,,,2
2301,'53',756,,8059,2,,,2,101,,8060,2,,,2,101,,8061,2,,,2,101,,8062,2,,,2,141,,8063,2,,,2,101,,8064,2,,,2,100,,8065,2,,,2,100,,8066,2,,,2,100,,8067,2,,,2,101,,8068,2,,,2,57,,8069,2,,,2
2301,'68',1635,,8070,6,,,2
20001,'51',604,,8328,15,4,,2,24,,8329,15,4,,2,820,,8330,15,0,36 37,2,72,,8331,15,0,36 37,2
20001,'52',635,,8332,15,0,36 37,2,70,,8334,15,0,36 37,2
22101,'65',1520,,8371,15,,,2
22201,'65',1521,,8373,15,,,2
23101,'65',1520,,8379,15,,,2
23201,'65',1524,,8381,23,,,2
32501,'63',1637,,8399,48,,,2
5003400,'51',644,,8494,32,,,2,62,,8493,32,,,2
5003700,'51',649,,8501,67,4,,2,56,,8502,60,,,2,35,,8504,60,,,2,71,,8505,60,,,2,32,,8503,67,,,2
5004200,'61',710,,8511,27,,,2
1200000101,'51',1556,,8526,53,,,1,72,,8527,53,,,1,31,,8528,53,,,1,71,,8529,53,,,1
1200000200,'51',556,,8533,27,,,1,55,,8531,49,,,1,15,,8535,49,,,1,8,,8539,27,,,1,8,,8537,49,,,1,8,,8542,27,,,1,9,,8538,49,,,1,56,,8540,49,,,1,16,,8544,49,,,1,17,,8530,49,,,1,55,,8545,49,,,1,15,,8534,49,,,1,14,,8541,49,,,1,14,,8532,49,,,1,55,,8543,49,,,1,18,,8536,49,,,1,13,,8549,49,,,1,17,,8548,49,,,1,57,,8551,49,,,1,14,,8547,49,,,1,15,,8546,49,,,1,15,,8552,49,,,1,55,,8554,49,,,1,15,,8555,49,,,1,15,,8556,49,,,1,15,,8550,49,,,1,55,,8557,49,,,1,15,,8558,49,,,1,15,,8559,49,,,1,16,,8560,49,,,1,55,,8561,49,,,1,15,,8553,49,,,1,15,,8562,49,,,1,14,,8564,49,,,1,55,,8565,49,,,1,15,,8566,49,,,1,22,,8563,49,,,1,12,,8568,49,,,1,56,,8571,49,,,1,15,,8572,49,,,1,16,,8574,49,,,1,12,,8567,49,,,1,54,,8575,49,,,1,15,,8570,49,,,1,15,,8577,49,,,1,9,,8581,36,,,1,8,,8579,49,,,1,52,,8583,49,,,1,15,,8569,49,,,1,16,,8582,49,,,1,14,,8584,49,,,1,54,,8573,49,,,1,14,,8576,49,,,1,15,,8578,49,,,1,15,,8585,49,,,1,55,,8580,49,,,1,30,,8588,49,,,1,70,,8587,49,,,1,30,,8592,49,,,1,70,,8586,49,,,1,29,,8594,49,,,1,72,,8589,49,,,1,29,,8591,49,,,1,72,,8593,49,,,1,26,,8595,49,,,1,70,,8590,49,4,,1
1200000200,'52',734,,8599,49,,,1,70,,8598,49,,,1,31,,8602,49,,,1,70,,8596,49,,,1,30,,8601,49,,,1,70,,8600,49,,,1,30,,8604,49,,,1,70,,8603,49,,,1,30,,8597,49,,,1,72,,8607,49,,,1,30,,8608,49,,,1,70,,8605,49,,,1,30,,8606,49,,,1,71,,8611,49,,,1,30,,8610,49,,,1,69,,8609,49,,,1,30,,8614,49,,,1,70,,8616,49,,,1,30,,8612,49,,,1,70,,8619,49,,,1,30,,8618,49,,,1,70,,8615,49,,,1,28,,8617,49,,,1,68,,8622,49,,,1,30,,8613,49,,,1,71,,8620,49,,,1,29,,8623,49,,,1,69,,8625,49,,,1,30,,8624,49,,,1,70,,8628,49,,,1,30,,8621,49,,,1,70,,8626,49,,,1,30,,8627,49,,,1
1200000200,'53',734,,8629,49,,,1,70,,8630,49,,,1,31,,8631,49,,,1,70,,8632,49,,,1,30,,8634,49,,,1,70,,8638,49,,,1,30,,8636,49,,,1,70,,8640,49,,,1,30,,8637,49,,,1,72,,8635,49,,,1,30,,8639,49,,,1,70,,8641,49,,,1,30,,8633,49,,,1,71,,8642,49,,,1,30,,8644,49,,,1,69,,8647,49,,,1,30,,8649,49,,,1,70,,8651,49,,,1,30,,8643,49,,,1,70,,8645,49,,,1,30,,8648,49,,,1,70,,8650,49,,,1,28,,8652,49,,,1,68,,8654,49,,,1,30,,8653,49,,,1,71,,8646,49,,,1,29,,8655,49,,,1
1200000200,'69',712,,8656,27,,,1,47,,8657,27,,,1
1200000300,'51',846,,8818,47,0,36 37,1,55,,8810,47,0,36 37,1,15,,8805,47,0,36 37,1,15,,8813,47,0,36 37,1,15,,8819,47,0,36 37,1,60,,8821,47,0,36 37,1,20,,8824,47,0,36 37,1,20,,8823,47,0,36 37,1,60,,8826,47,0,36 37,1,20,,8814,47,0,36 37,1,20,,8828,47,0,36 37,1,62,,8830,47,0,36 37,1,20,,8825,47,0,36 37,1,20,,8831,47,0,36 37,1,60,,8827,47,0,36 37,1,18,,8833,47,0,36 37,1,20,,8829,47,0,36 37,1,59,,8834,47,0,36 37,1,20,,8836,47,0,36 37,1,19,,8832,47,0,36 37,1,65,,8838,47,0,36 37,1,31,,8840,49,0,36 37,1,68,,8835,49,0,36 37,1,29,,8837,49,0,36 37,1,71,,8841,49,0,36 37,1,30,,8839,49,0,36 37,1,73,,8842,49,0,36 37,1,24,,8844,47,0,36 37,1,67,,8843,47,0,36 37,1,21,,8850,47,0,36 37,1,30,,8852,47,0,36 37,1,72,,8853,47,0,36 37,1,33,,8855,47,0,36 37,1
1200000300,'52',704,,8856,47,0,36 37,1,30,,8860,47,0,36 37,1,70,,8862,47,0,36 37,1,31,,8864,47,0,36 37,1,70,,8857,47,0,36 37,1,31,,8861,47,0,36 37,1,70,,8863,47,0,36 37,1,31,,8865,47,0,36 37,1,71,,8858,47,0,36 37,1,30,,8869,47,0,36 37,1,71,,8859,47,0,36 37,1,30,,8866,47,0,36 37,1,71,,8867,47,0,36 37,1,30,,8870,47,0,36 37,1,70,,8872,47,0,36 37,1,30,,8874,47,0,36 37,1,70,,8868,47,0,36 37,1,30,,8871,47,0,36 37,1,69,,8873,47,0,36 37,1,29,,8875,47,0,36 37,1,70,,8876,47,0,36 37,1,30,,8878,47,0,36 37,1,69,,8879,47,0,36 37,1,30,,8881,47,0,36 37,1
1200000300,'53',734,,8886,47,0,36 37,1,70,,8888,47,0,36 37,1,31,,8891,47,0,36 37,1,70,,8893,47,0,36 37,1,31,,8887,47,0,36 37,1,70,,8889,47,0,36 37,1,31,,8892,47,0,36 37,1,71,,8894,47,0,36 37,1,30,,8896,47,0,36 37,1,71,,8890,47,0,36 37,1,30,,8898,47,0,36 37,1,71,,8895,47,0,36 37,1,30,,8897,47,0,36 37,1,70,,8900,47,0,36 37,1,30,,8899,47,0,36 37,1,70,,8904,47,0,36 37,1,30,,8907,47,0,36 37,1,69,,8901,47,0,36 37,1,29,,8909,47,0,36 37,1,70,,8905,47,0,36 37,1,30,,8908,47,0,36 37,1,69,,8902,47,0,36 37,1,30,,8910,47,0,36 37,1
1200000301,'51',607,,8915,2,,,1,28,,8920,2,,,1,75,,8913,15,,,1,20,,8917,15,,,1,75,,8912,15,,,1,29,,8927,15,,,1,25,,8928,15,,,1,65,,8914,15,,,1,29,,8918,15,,,1,67,,8922,15,,,1,36,,8929,15,,,1,60,,8931,15,,,1,20,,8930,15,,,1,20,,8933,15,,,1,63,,8923,15,,,1,20,,8935,15,,,1,62,,8937,15,,,1,19,,8932,15,,,1,20,,8938,15,,,1,60,,8934,15,,,1,18,,8940,15,,,1,20,,8936,15,,,1,19,,8941,15,,,1,64,,8942,15,,,1,401,,8957,15,,,1,24,,8956,15,,,1,71,,8966,15,,,1,30,,8965,15,,,1,70,,8967,15,,,1,33,,8961,15,,,1,72,,8959,2,,,1,30,,8962,2,,,1,68,,8960,2,,,1,30,,8963,2,,,1,79,,8964,2,,,1
1200000301,'52',746,,8968,15,,,1,70,,8972,15,,,1,31,,8974,15,,,1,71,,8976,15,,,1,31,,8969,15,,,1,72,,8973,15,,,1,31,,8975,15,,,1,71,,8977,15,,,1,31,,8970,15,,,1,71,,8981,15,,,1,31,,8971,15,,,1,71,,8978,15,,,1,31,,8979,15,,,1,70,,8982,15,,,1,30,,8984,15,,,1,70,,8986,15,,,1,30,,8980,15,,,1,71,,8983,15,,,1,71,,8985,15,,,1,27,,8987,15,,,1,28,,8988,15,,,1,69,,8989,15,,,1,27,,8990,15,,,1,67,,8992,15,,,1,35,,8991,2,,,1,100,,8993,2,,,1,96,,8994,2,,,1,99,,8995,2,,,1,78,,8996,2,,,1,102,,8997,2,,,1
1200000301,'53',816,,8998,15,,,1,31,,9000,15,,,1,71,,9003,15,,,1,31,,9005,15,,,1,72,,8999,15,,,1,31,,9001,15,,,1,71,,9004,15,,,1,31,,9006,15,,,1,71,,9008,15,,,1,31,,9002,15,,,1,71,,9010,15,,,1,31,,9007,15,,,1,70,,9009,15,,,1,30,,9012,15,,,1,70,,9011,15,,,1,30,,9015,15,,,1,71,,9017,15,,,1,71,,9013,15,,,1,27,,9019,15,,,1,28,,9016,15,,,1,69,,9018,15,,,1,27,,9014,15,,,1,67,,9020,15,,,1,35,,9021,2,,,1,161,,9022,2,,,1
1200000400,'51',707,,9024,51,,,1,16,,9025,51,,,1,16,,9026,51,,,1,16,,9023,51,,,1
