3101,'1',630,,6013,13,,,2,72,,6011,13,,,2,104,,6015,13,,,2,105,,6016,13,,,2,99,,6017,13,,,2,100,,6018,13,,,2,106,,6019,13,,,2,102,,6020,13,,,2,101,,6021,13,,,2,100,,6022,13,,,2,97,,6023,13,,,2,31,,6026,13,,,2,71,,6027,13,,,2,31,,6024,13,,,2,73,,6028,13,,,2,24,,6025,13,,,2,76,,6029,13,,,2,290,,6030,13,0,8,2
3701,'1',540,,6122,6,,,2,81,,6123,13,,,2,103,,6124,13,0,32 1 33,2,105,,6125,13,,,2,104,,6126,13,,,2,97,,6127,13,,,2,102,,6128,13,,,2,115,,6129,13,,,2,102,,6130,13,,,2,102,,6131,13,,,2,154,,6132,13,,,2,142,,6133,13,,,2,72,,6134,13,,,2,101,,6135,13,,,2,96,,6136,13,,,2,96,,6137,13,,,2,100,,6138,13,,,2,100,,6139,13,,,2,28,,6140,13,,,2
3701,'2',656,,6141,13,,,2,100,,6142,13,,,2,102,,6143,13,,,2,142,,6144,13,,,2,102,,6145,13,,,2,116,,6146,13,,,2,103,,6147,13,,,2,100,,6148,13,,,2,101,,6149,13,,,2,100,,6150,13,,,2,101,,6151,13,,,2,95,,6152,13,,,2,97,,6153,13,,,2,96,,6154,13,,,2,100,,6155,13,,,2,101,,6156,13,,,2,98,,6157,13,,,2,28,,6158,13,,,2
3701,'3',756,,6159,13,,,2,102,,6160,13,,,2,142,,6161,13,,,2,102,,6162,13,,,2,116,,6163,13,,,2,103,,6164,13,,,2,100,,6165,13,,,2,101,,6166,13,,,2,100,,6167,13,,,2,101,,6168,13,,,2,95,,6169,13,,,2,97,,6170,13,,,2
3901,'1',1638,,6219,21,,,2,87,,6217,21,,,2,87,,6218,21,,,2
38001,'1',620,,6314,14,,,2,31,,6315,14,,,2
5003700,'1',632,,6395,13,,,2,76,,6394,13,,,2
5003701,'1',1733,,6396,35,,,2
2000003101,'2',738,,7720,13,,,2,101,,7721,13,,,2,101,,7722,13,,,2,101,,7723,13,,,2,101,,7724,13,,,2,101,,7725,13,,,2,215,,7726,13,,,2,101,,7727,13,,,2,141,,7728,13,,,2,56,,7729,13,,,2,90,,7730,13,0,8,2
2000003101,'3',839,,7732,13,,,2,101,,7733,13,,,2,101,,7734,13,,,2,101,,7735,13,,,2,101,,7736,13,,,2,215,,7737,13,,,2,101,,7738,13,,,2,141,,7739,13,,,2,56,,7740,13,,,2,90,,7741,13,0,8,2
