3101,'51',613,,8077,48,,,2,30,,8079,48,,,2,68,,8078,80,,,2,34,,8080,80,,,2,100,,8081,80,,,2,105,,8082,80,,,2,100,,8083,80,,,2,100,,8084,80,,,2,104,,8086,80,,,2,102,,8085,80,,,2,101,,8087,80,,,2,101,,8088,80,,,2,97,,8089,80,,,2,71,,8093,80,,,2,30,,8090,80,,,2,73,,8091,80,,,2,29,,8094,80,,,2,68,,8092,80,,,2,32,,8095,80,,,2
3701,'51',558,,8188,40,,,2,188,,8189,47,0,32 1 33,2,102,,8190,47,,,2,102,,8191,47,,,2,98,,8192,47,,,2,102,,8193,47,,,2,153,,8194,47,,,2,102,,8195,47,,,2,102,,8196,47,,,2,116,,8197,47,,,2,181,,8198,47,,,2,31,,8199,47,,,2,100,,8200,47,,,2,97,,8201,47,,,2,97,,8202,47,,,2,101,,8203,47,,,2,100,,8204,47,,,2,25,,8205,47,,,2
3701,'52',713,,8206,47,,,2,100,,8207,47,,,2,101,,8208,47,,,2,102,,8209,47,,,2,101,,8210,47,,,2,116,,8211,47,,,2,100,,8212,47,,,2,102,,8213,47,,,2,100,,8214,47,,,2,100,,8215,47,,,2,102,,8216,47,,,2,98,,8222,47,,,2,98,,8223,47,,,2,96,,8217,47,,,2,100,,8218,47,,,2,101,,8219,47,,,2,98,,8220,47,,,2,25,,8221,47,,,2
3701,'53',813,,8224,47,,,2,101,,8225,47,,,2,102,,8226,47,,,2,101,,8227,47,,,2,116,,8228,47,,,2,100,,8229,47,,,2,102,,8230,47,,,2,100,,8231,47,,,2,100,,8232,47,,,2,102,,8233,47,,,2,98,,8234,47,,,2,98,,8235,47,,,2
3800,'51',814,,8238,48,,,2,105,,8237,48,,,2,98,,8236,48,,,2,102,,8239,48,,,2,113,,8240,48,,,2,102,,8241,48,,,2,102,,8242,48,,,2,109,,8243,55,,,2,156,,8244,48,,,2,32,,8245,48,,,2,174,,8246,48,,,2,97,,8247,48,,,2,96,,8248,48,,,2,101,,8249,48,,,2,99,,8250,48,,,2
3800,'52',743,,8251,48,,,2,100,,8252,48,,,2,103,,8253,48,,,2,101,,8254,48,,,2,100,,8255,48,,,2,156,,8256,48,,,2,100,,8257,48,,,2,102,,8258,48,,,2,100,,8259,48,,,2,102,,8260,48,,,2,100,,8261,48,,,2,98,,8265,48,,,2,96,,8266,48,,,2,100,,8262,48,,,2,57,,8263,48,,,2,101,,8264,48,,,2
3800,'53',843,,8267,48,,,2,103,,8268,48,,,2,101,,8269,48,,,2,100,,8270,48,,,2,156,,8271,48,,,2,100,,8272,48,,,2,102,,8273,48,,,2,100,,8274,48,,,2,102,,8275,48,,,2,100,,8276,48,,,2,98,,8277,48,,,2,96,,8278,48,,,2
3900,'51',649,,8280,32,,,2,79,,8281,32,,,2,30,,8279,32,,,2
24100,'64',732,,8386,16,4,,2
24200,'64',735,,8388,18,4,,2
31100,'64',753,,8392,58,,,2
35100,'64',735,,8403,44,,,2
38100,'64',739,,8415,50,,,2
5003700,'51',640,,8501,58,,,2,15,,8502,51,,,2,75,,8504,51,,,2,71,,8505,51,,,2,33,,8503,58,,,2
5003701,'51',1650,,8507,80,,,2,104,,8506,80,,,2,154,,8508,80,,,2
5003801,'51',1731,,8510,79,,,2,87,,8509,79,,,2
2000003101,'52',716,,9118,49,,,2,100,,9119,81,,,2,102,,9120,81,,,2,102,,9121,81,,,2,100,,9122,81,,,2,100,,9123,81,,,2,102,,9124,81,,,2,201,,9125,81,,,2,101,,9126,81,,,2,100,,9127,81,,,2,101,,9128,81,,,2
2000003101,'53',816,,9130,49,,,2,102,,9131,81,,,2,102,,9132,81,,,2,100,,9133,81,,,2,100,,9134,81,,,2,102,,9135,81,,,2,201,,9136,81,,,2,101,,9137,81,,,2,100,,9138,81,,,2,101,,9139,81,,,2
