32500,'12',828,,6304,43,,,2
34500,'12',825,,6305,33,,,2
35500,'12',830,,6308,54,,,2
1200000100,'1',642,,7141,61,0,34 35 6 31,1,71,,7142,61,0,34 35 6 31,1,21,,7143,61,0,34 35 6 31,1,69,,7146,61,0,16 1 17,1,30,,7144,61,0,34 35 6 31,1
1200000201,'1',619,,7262,16,0,29,1,38,,7265,28,0,29,1,55,,7264,28,0,29,1,20,,7269,28,0,29,1,22,,7271,28,0,29,1,60,,7273,28,0,29,1,20,,7276,28,0,29,1,15,,7277,28,0,29,1,56,,7263,28,0,29,1,14,,7280,28,0,29,1,14,,7268,28,0,29,1,11,,7266,28,0,29,1,12,,7275,28,0,29,1,52,,7281,28,0,29,1,14,,7278,28,0,29,1,17,,7282,28,0,29,1,70,,7284,28,0,29,1,29,,7286,28,0,29,1,70,,7267,28,0,29,1,32,,7287,28,0,29,1,70,,7283,28,0,29,1,30,,7285,28,0,29,1,71,,7289,28,0,29,1,30,,7290,28,0,29,1,69,,7288,28,0,29,1,39,,7292,28,0,29,1,67,,7294,28,0,29,1,18,,7297,28,0,29,1,17,,7295,28,0,29,1,57,,7296,28,0,29,1,12,,7293,28,0,29,1,11,,7298,28,0,29,1,12,,7299,28,0,29,1,14,,7301,28,0,29,1,54,,7291,28,0,29,1,9,,7304,28,0,29,1,13,,7305,28,0,29,1,13,,7308,28,0,29,1,12,,7309,28,0,29,1,53,,7303,28,0,29,1,24,,7302,28,0,29,1,66,,7300,28,0,29,1,19,,7310,28,0,29,1,29,,7311,28,0,29,1,72,,7306,28,0,29,1,35,,7313,28,0,29,1,68,,7315,28,0,29,1,31,,7312,28,0,29,1,67,,7307,28,0,29,1,31,,7314,28,0,29,1,86,,7316,28,0,29,1
1200000201,'14',1653,,7317,22,0,29,1
1200000201,'2',650,,7321,16,0,29,1,79,,7318,28,0,29,1,30,,7326,28,0,29,1,71,,7324,28,0,29,1,71,,7322,28,0,29,1,31,,7328,28,0,29,1,71,,7319,28,0,29,1,31,,7327,28,0,29,1,71,,7325,28,0,29,1,32,,7330,28,0,29,1,70,,7329,28,0,29,1,31,,7320,28,0,29,1,72,,7332,28,0,29,1,31,,7334,28,0,29,1,70,,7331,28,0,29,1,30,,7336,28,0,29,1,71,,7337,28,0,29,1,30,,7333,28,0,29,1,69,,7335,28,0,29,1,31,,7339,28,0,29,1,72,,7341,28,0,29,1,29,,7338,28,0,29,1,67,,7343,28,0,29,1,29,,7344,28,0,29,1,65,,7340,28,0,29,1,25,,7342,28,0,29,1,27,,7348,28,0,29,1,69,,7347,28,0,29,1,31,,7345,28,0,29,1,67,,7349,28,0,29,1,28,,7351,28,0,29,1,70,,7350,28,0,29,1,30,,7353,28,0,29,1,70,,7346,28,0,29,1,29,,7352,28,0,29,1,89,,7354,28,0,29,1
1200000201,'27',2236,,7355,21,0,29,1,70,,7358,21,0,29,1,29,,7356,21,0,29,1,83,,7359,21,0,29,1,28,,7361,21,0,29,1,70,,7357,21,0,29,1,30,,7360,21,0,29,1
1200000201,'28',2235,,7362,21,0,29,1,70,,7365,21,0,29,1,30,,7363,21,0,29,1,83,,7366,21,0,29,1,28,,7368,21,0,29,1,70,,7364,21,0,29,1,30,,7367,21,0,29,1
1200000201,'29',2235,,7369,21,0,29,1,70,,7372,21,0,29,1,30,,7370,21,0,29,1,83,,7373,21,0,29,1,28,,7375,21,0,29,1,70,,7371,21,0,29,1,30,,7374,21,0,29,1
1200000201,'3',830,,7377,28,0,29,1,71,,7379,28,0,29,1,31,,7381,28,0,29,1,71,,7383,28,0,29,1,31,,7384,28,0,29,1,71,,7388,28,0,29,1,32,,7386,28,0,29,1,70,,7390,28,0,29,1,31,,7387,28,0,29,1,72,,7385,28,0,29,1,31,,7389,28,0,29,1,70,,7392,28,0,29,1,30,,7391,28,0,29,1,71,,7393,28,0,29,1,30,,7395,28,0,29,1,69,,7397,28,0,29,1,31,,7400,28,0,29,1,72,,7402,28,0,29,1,29,,7394,28,0,29,1,67,,7396,28,0,29,1,29,,7398,28,0,29,1,65,,7401,28,0,29,1,25,,7403,28,0,29,1,27,,7405,28,0,29,1,69,,7404,28,0,29,1,31,,7399,28,0,29,1,67,,7406,28,0,29,1
1200000401,'1',1714,,7635,28,,,1,22,,7633,28,,,1
