2200,'51',615,,7925,39,,,2,28,,7941,77,,,2,63,,7926,39,,,2,30,,7942,39,,,2,66,,7944,77,,,2,43,,7943,39,0,14 1 15,2,87,,7927,39,,,2,75,,7931,39,,,2,32,,7928,39,,,2,72,,7932,39,,,2,30,,7929,39,,,2,70,,7933,39,,,2,31,,7930,39,,,2,70,,7934,39,,,2,30,,7945,39,,,2,70,,7935,39,,,2,29,,7946,39,,,2,74,,7938,39,,,2,31,,7936,25,,,2,65,,7939,25,,,2,108,,7937,25,,,2,34,,7947,25,,,2,100,,7940,25,,,2
2200,'67',847,,7948,22,0,14 1 15,2
2300,'51',611,,7994,51,,,2,236,,7997,51,0,14 1 15,2,70,,7976,51,,,2,36,,7979,51,,,2,70,,7977,51,,,2,31,,7980,51,,,2,70,,7978,51,,,2,30,,7981,51,,,2,71,,7983,37,,,2,30,,7982,37,,,2,70,,7984,37,,,2,30,,7986,37,,,2,72,,7985,37,,,2,73,,7987,37,,,2,31,,7996,37,,,2,117,,7998,37,,,2,75,,7995,37,,,2,28,,7988,37,,,2,71,,7990,37,,,2,27,,7989,37,,,2,78,,7991,37,,,2,102,,7992,37,,,2,95,,7993,37,,,2
2300,'52',649,,7999,51,,,2,100,,8000,51,,,2,101,,8001,51,,,2,101,,8002,51,,,2,101,,8003,51,,,2,101,,8004,51,,,2,101,,8005,51,,,2,100,,8006,37,,,2,100,,8007,37,,,2,100,,8008,37,,,2,101,,8009,37,,,2,88,,8010,37,,,2
2300,'53',749,,8011,51,,,2,101,,8012,51,,,2,101,,8013,51,,,2,101,,8014,51,,,2,101,,8015,51,,,2,101,,8016,51,,,2,100,,8017,37,,,2,100,,8018,37,,,2,100,,8019,37,,,2,101,,8020,37,,,2,88,,8021,37,,,2
2300,'67',846,,8022,15,0,14 1 15,2
22100,'64',720,,8370,24,,,2
22200,'64',720,,8372,21,,,2
22501,'63',1706,,8375,34,,,2
23100,'64',729,,8378,58,,,2
23200,'64',716,,8380,16,,,2
5002300,'51',640,,8479,51,,,2,66,,8481,51,,,2,30,,8482,51,,,2,71,,8480,51,,,2
5002400,'51',706,,8489,27,,,2,28,,8487,27,,,2,71,,8488,27,,,2
5004300,'61',659,,8512,4,,,2,160,,8513,4,,,2
1200000100,'51',558,,8517,42,0,14,1,64,,8518,42,0,34 35 6 31,1,30,,8519,42,0,34 35 6 31,1,60,,8520,42,0,34 35 6 31,1,30,,8523,42,0,16 1 17,1,70,,8521,42,0,34 35 6 31,1
1200000300,'51',621,,8806,42,0,36 37,1,16,,8809,42,0,36 37,1,14,,8811,42,0,36 37,1,50,,8815,42,0,36 37,1,10,,8808,42,0,36 37,1,10,,8816,42,0,36 37,1,10,,8817,42,0,36 37,1,10,,8812,42,0,36 37,1,15,,8820,42,0,36 37,1,55,,8822,42,0,36 37,1,16,,8807,42,0,36 37,1,14,,8818,42,0,36 37,1,15,,8810,42,0,36 37,1,55,,8805,42,0,36 37,1,15,,8813,42,0,36 37,1,15,,8819,42,0,36 37,1,60,,8821,42,0,36 37,1,20,,8824,42,0,36 37,1,20,,8823,42,0,36 37,1,60,,8826,42,0,36 37,1,20,,8814,42,0,36 37,1,20,,8828,42,0,36 37,1,62,,8830,42,0,36 37,1,20,,8825,42,0,36 37,1,20,,8831,42,0,36 37,1,60,,8827,42,0,36 37,1,18,,8833,42,0,36 37,1,20,,8829,42,0,36 37,1,59,,8834,42,0,36 37,1,20,,8836,42,0,36 37,1,19,,8832,42,0,36 37,1,65,,8838,42,0,36 37,1,31,,8840,44,0,36 37,1,67,,8835,44,0,36 37,1,29,,8837,44,0,36 37,1,71,,8841,44,0,36 37,1,31,,8839,44,0,36 37,1,73,,8842,44,0,36 37,1,24,,8844,42,0,36 37,1,27,,8843,42,0,36 37,1,61,,8850,42,0,36 37,1,30,,8852,42,0,36 37,1,72,,8853,42,0,36 37,1,33,,8855,42,0,36 37,1,66,,8851,42,0,36 37,1,27,,8849,42,0,36 37,1,70,,8854,42,0,36 37,1,30,,8847,42,0,36 37,1,66,,8845,42,0,36 37,1,30,,8848,42,0,36 37,1,68,,8846,42,0,36 37,1
1200000300,'52',658,,8856,42,0,36 37,1,70,,8860,42,0,36 37,1,30,,8862,42,0,36 37,1,71,,8864,42,0,36 37,1,30,,8857,42,0,36 37,1,71,,8861,42,0,36 37,1,70,,8863,42,0,36 37,1,31,,8865,42,0,36 37,1,71,,8858,42,0,36 37,1,30,,8869,42,0,36 37,1,71,,8859,42,0,36 37,1,30,,8866,42,0,36 37,1,71,,8867,42,0,36 37,1,30,,8870,42,0,36 37,1,70,,8872,42,0,36 37,1,30,,8874,42,0,36 37,1,70,,8868,42,0,36 37,1,30,,8871,42,0,36 37,1,69,,8873,42,0,36 37,1,30,,8875,42,0,36 37,1,70,,8876,42,0,36 37,1,30,,8878,42,0,36 37,1,69,,8879,42,0,36 37,1,30,,8881,42,0,36 37,1,19,,8877,42,0,36 37,1,94,,8880,42,0,36 37,1,100,,8882,42,0,36 37,1,96,,8883,42,0,36 37,1,99,,8884,42,0,36 37,1,177,,8885,42,0,36 37,1
1200000300,'53',728,,8886,42,0,36 37,1,30,,8888,42,0,36 37,1,71,,8891,42,0,36 37,1,30,,8893,42,0,36 37,1,71,,8887,42,0,36 37,1,70,,8889,42,0,36 37,1,31,,8892,42,0,36 37,1,71,,8894,42,0,36 37,1,30,,8896,42,0,36 37,1,71,,8890,42,0,36 37,1,30,,8898,42,0,36 37,1,71,,8895,42,0,36 37,1,30,,8897,42,0,36 37,1,70,,8900,42,0,36 37,1,30,,8899,42,0,36 37,1,70,,8904,42,0,36 37,1,30,,8907,42,0,36 37,1,69,,8901,42,0,36 37,1,30,,8909,42,0,36 37,1,70,,8905,42,0,36 37,1,30,,8908,42,0,36 37,1,69,,8902,42,0,36 37,1,30,,8910,42,0,36 37,1,19,,8906,42,0,36 37,1,94,,8903,42,0,36 37,1,157,,8911,42,0,36 37,1
