3101,'51',629,,8078,14,,,2,74,,8080,14,,,2,102,,8081,14,,,2,105,,8082,14,,,2,100,,8083,14,,,2,100,,8084,14,,,2,104,,8086,14,,,2,102,,8085,14,,,2,101,,8087,14,,,2,101,,8088,14,,,2,97,,8089,14,,,2,31,,8093,14,,,2,70,,8090,14,,,2,33,,8091,14,,,2,69,,8094,14,,,2,28,,8092,14,,,2,72,,8095,14,,,2,295,,8096,14,0,8,2
3701,'51',540,,8188,7,,,2,185,,8189,14,0,32 1 33,2,105,,8190,14,,,2,102,,8191,14,,,2,98,,8192,14,,,2,102,,8193,14,,,2,113,,8194,14,,,2,102,,8195,14,,,2,102,,8196,14,,,2,156,,8197,14,,,2,141,,8198,14,,,2,71,,8199,14,,,2,101,,8200,14,,,2,97,,8201,14,,,2,97,,8202,14,,,2,101,,8203,14,,,2,100,,8204,14,,,2,28,,8205,14,,,2
3701,'52',656,,8206,14,,,2,100,,8207,14,,,2,101,,8208,14,,,2,102,,8209,14,,,2,141,,8210,14,,,2,116,,8211,14,,,2,100,,8212,14,,,2,102,,8213,14,,,2,100,,8214,14,,,2,100,,8215,14,,,2,102,,8216,14,,,2,98,,8222,14,,,2,98,,8223,14,,,2,96,,8217,14,,,2,100,,8218,14,,,2,101,,8219,14,,,2,98,,8220,14,,,2,28,,8221,14,,,2
3701,'53',756,,8224,14,,,2,101,,8225,14,,,2,102,,8226,14,,,2,141,,8227,14,,,2,116,,8228,14,,,2,100,,8229,14,,,2,102,,8230,14,,,2,100,,8231,14,,,2,100,,8232,14,,,2,102,,8233,14,,,2,98,,8234,14,,,2,98,,8235,14,,,2
3901,'51',1639,,8282,22,,,2,84,,8283,22,,,2,85,,8284,22,,,2
31101,'65',1528,,8393,23,,,2
38001,'51',621,,8413,19,,,2,31,,8414,19,,,2
38101,'65',1534,,8416,31,,,2
38501,'63',1651,,8418,17,,,2
5003700,'51',613,,8501,14,,,2,21,,8502,14,,,2,75,,8504,14,,,2,31,,8505,14,,,2,68,,8503,14,,,2
5003701,'51',1627,,8507,36,,,2,104,,8506,36,,,2,114,,8508,36,,,2
2000003101,'52',736,,9119,14,,,2,102,,9120,14,,,2,102,,9121,14,,,2,100,,9122,14,,,2,100,,9123,14,,,2,102,,9124,14,,,2,201,,9125,14,,,2,101,,9126,14,,,2,100,,9127,14,,,2,101,,9128,14,,,2,98,,9129,14,0,8,2
2000003101,'53',838,,9131,14,,,2,102,,9132,14,,,2,100,,9133,14,,,2,100,,9134,14,,,2,102,,9135,14,,,2,201,,9136,14,,,2,101,,9137,14,,,2,100,,9138,14,,,2,101,,9139,14,,,2,98,,9140,14,0,8,2
