1501,'51',1218,,7894,12,,,2,101,,7895,12,,,2,96,,7896,12,,,2,33,,7897,12,,,2,94,,7899,29,0,34 35 6 41,2,86,,7898,29,0,34 35 6 41,2,16,,7901,29,0,34 35 6 41,2,71,,7904,29,,,2,35,,7903,29,0,34 35 6 41,2,77,,7900,12,,,2,76,,7902,12,,,2,105,,7905,12,,,2,105,,7906,12,,,2,42,,7907,12,,,2
1501,'68',1646,,7908,14,,,2
1601,'51',639,,7919,29,0,34 35 6 41,2,79,,7920,29,0,34 35 6 41,2,33,,7921,29,0,34 35 6 41,2,171,,7922,29,,,2,96,,7923,12,,,2,100,,7924,12,0,34 35 6 41,2
15601,'63',1619,,8317,13,,,2
20001,'51',550,,8328,9,0,14,2,61,,8329,9,0,14,2,816,,8330,9,0,36 37,2,29,,8331,9,0,36 37,2
20001,'52',621,,8332,9,0,36 37,2,19,,8333,9,0,14,2,10,,8334,9,0,36 37,2
21001,'51',530,,8353,9,,,2,27,,8354,9,,,2,56,,8355,9,,,2,13,,8356,9,,,2,604,,8357,9,,,2,79,,8358,9,,,2,104,,8359,9,,,2,27,,8360,9,,,2,566,,8361,9,,,2
21001,'52',607,,8362,9,,,2,131,,8363,9,,,2,302,,8364,9,,,2,670,,8365,9,,,2,30,,8366,9,,,2
21001,'53',637,,8367,9,,,2,70,,8368,9,,,2,31,,8369,9,,,2
38001,'51',526,,8412,9,,,2,80,,8413,9,,,2,28,,8414,9,,,2
2000001501,'52',805,,9087,12,,,2,101,,9088,12,,,2,100,,9089,12,,,2,102,,9090,12,,,2,101,,9091,12,,,2,101,,9092,12,,,2,191,,9093,12,,,2,102,,9094,12,,,2,104,,9095,12,,,2,98,,9096,12,,,2,96,,9097,12,,,2
2000001501,'53',906,,9098,12,,,2,100,,9099,12,,,2,102,,9100,12,,,2,101,,9101,12,,,2,101,,9102,12,,,2,191,,9103,12,,,2,102,,9104,12,,,2,104,,9105,12,,,2,98,,9106,12,,,2,96,,9107,12,,,2
