22101,'65',1514,,8371,10,,,2
22201,'65',1515,,8373,10,,,2
23101,'65',1514,,8379,10,,,2
5003700,'51',643,,8501,62,,,2,15,,8502,55,,,2,75,,8504,55,,,2,71,,8505,55,,,2,32,,8503,62,,,2
5004200,'61',703,,8511,22,,,2
1200000101,'51',1549,,8526,48,,,1,72,,8527,48,,,1,31,,8528,48,,,1,71,,8529,48,,,1
1200000200,'51',550,,8533,22,,,1,55,,8531,44,,,1,15,,8535,44,,,1,8,,8539,22,,,1,8,,8537,44,,,1,8,,8542,22,,,1,9,,8538,44,,,1,55,,8540,44,,,1,16,,8544,44,,,1,17,,8530,44,,,1,15,,8545,44,,,1,55,,8534,44,,,1,14,,8541,44,,,1,14,,8532,44,,,1,15,,8543,44,,,1,59,,8536,44,,,1,13,,8549,44,,,1,17,,8548,44,,,1,57,,8551,44,,,1,14,,8547,44,,,1,15,,8546,44,,,1,15,,8552,44,,,1,15,,8554,44,,,1,55,,8555,44,,,1,15,,8556,44,,,1,15,,8550,44,,,1,15,,8557,44,,,1,55,,8558,44,,,1,15,,8559,44,,,1,16,,8560,44,,,1,55,,8561,44,,,1,15,,8553,44,,,1,15,,8562,44,,,1,14,,8564,44,,,1,15,,8565,44,,,1,55,,8566,44,,,1,21,,8563,44,,,1,12,,8568,44,,,1,56,,8571,44,,,1,15,,8572,44,,,1,16,,8574,44,,,1,12,,8567,44,,,1,54,,8575,44,,,1,15,,8570,44,,,1,15,,8577,44,,,1,9,,8581,31,,,1,8,,8579,44,,,1,12,,8583,44,,,1,55,,8569,44,,,1,17,,8582,44,,,1,14,,8584,44,,,1,14,,8573,44,,,1,54,,8576,44,,,1,15,,8578,44,,,1,15,,8585,44,,,1,15,,8580,44,,,1,70,,8588,44,,,1,30,,8587,44,,,1,70,,8592,44,,,1,30,,8586,44,,,1,69,,8594,44,,,1,32,,8589,44,,,1,70,,8591,44,,,1,72,,8593,44,,,1,26,,8595,44,,,1,30,,8590,44,0,14,1
1200000200,'52',728,,8599,44,,,1,30,,8598,44,,,1,71,,8602,44,,,1,30,,8596,44,,,1,70,,8601,44,,,1,30,,8600,44,,,1,70,,8604,44,,,1,30,,8603,44,,,1,70,,8597,44,,,1,71,,8607,44,,,1,30,,8608,44,,,1,70,,8605,44,,,1,30,,8606,44,,,1,71,,8611,44,,,1,30,,8610,44,,,1,69,,8609,44,,,1,30,,8614,44,,,1,70,,8616,44,,,1,30,,8612,44,,,1,70,,8619,44,,,1,30,,8618,44,,,1,70,,8615,44,,,1,29,,8617,44,,,1,28,,8622,44,,,1,70,,8613,44,,,1,31,,8620,44,,,1,69,,8623,44,,,1,29,,8625,44,,,1,70,,8624,44,,,1,30,,8628,44,,,1,70,,8621,44,,,1,30,,8626,44,,,1,70,,8627,44,,,1
1200000200,'53',728,,8629,44,,,1,30,,8630,44,,,1,71,,8631,44,,,1,30,,8632,44,,,1,70,,8634,44,,,1,30,,8638,44,,,1,70,,8636,44,,,1,30,,8640,44,,,1,70,,8637,44,,,1,71,,8635,44,,,1,30,,8639,44,,,1,70,,8641,44,,,1,30,,8633,44,,,1,71,,8642,44,,,1,30,,8644,44,,,1,69,,8647,44,,,1,30,,8649,44,,,1,70,,8651,44,,,1,30,,8643,44,,,1,70,,8645,44,,,1,30,,8648,44,,,1,70,,8650,44,,,1,29,,8652,44,,,1,28,,8654,44,,,1,70,,8653,44,,,1,31,,8646,44,,,1,69,,8655,44,,,1
1200000200,'69',705,,8656,22,,,1,47,,8657,22,,,1
1200000400,'51',700,,9024,46,,,1,16,,9025,46,,,1,16,,9026,46,,,1,16,,9023,46,,,1
