3101,'51',629,,8078,15,,,2,74,,8080,15,,,2,102,,8081,15,,,2,105,,8082,15,,,2,100,,8083,15,,,2,100,,8084,15,,,2,104,,8086,15,,,2,102,,8085,15,,,2,101,,8087,15,,,2,101,,8088,15,,,2,97,,8089,15,,,2,31,,8093,15,,,2,70,,8090,15,,,2,33,,8091,15,,,2,69,,8094,15,,,2,28,,8092,15,,,2,72,,8095,15,,,2,295,,8096,15,0,8,2
3701,'51',540,,8188,8,,,2,185,,8189,15,0,32 1 33,2,105,,8190,15,,,2,102,,8191,15,,,2,98,,8192,15,,,2,102,,8193,15,,,2,113,,8194,15,,,2,102,,8195,15,,,2,102,,8196,15,,,2,156,,8197,15,,,2,141,,8198,15,,,2,71,,8199,15,,,2,101,,8200,15,,,2,97,,8201,15,,,2,97,,8202,15,,,2,101,,8203,15,,,2,100,,8204,15,,,2,28,,8205,15,,,2
3701,'52',656,,8206,15,,,2,100,,8207,15,,,2,101,,8208,15,,,2,102,,8209,15,,,2,141,,8210,15,,,2,116,,8211,15,,,2,100,,8212,15,,,2,102,,8213,15,,,2,100,,8214,15,,,2,100,,8215,15,,,2,102,,8216,15,,,2,98,,8222,15,,,2,98,,8223,15,,,2,96,,8217,15,,,2,100,,8218,15,,,2,101,,8219,15,,,2,98,,8220,15,,,2,28,,8221,15,,,2
3701,'53',756,,8224,15,,,2,101,,8225,15,,,2,102,,8226,15,,,2,141,,8227,15,,,2,116,,8228,15,,,2,100,,8229,15,,,2,102,,8230,15,,,2,100,,8231,15,,,2,100,,8232,15,,,2,102,,8233,15,,,2,98,,8234,15,,,2,98,,8235,15,,,2
3901,'51',1639,,8282,23,,,2,84,,8283,23,,,2,85,,8284,23,,,2
31101,'65',1529,,8393,24,,,2
38001,'51',621,,8413,20,,,2,31,,8414,20,,,2
38101,'65',1534,,8416,32,,,2
38501,'63',1651,,8418,18,,,2
5003700,'51',613,,8501,15,,,2,21,,8502,15,,,2,75,,8504,15,,,2,31,,8505,15,,,2,68,,8503,15,,,2
5003701,'51',1627,,8507,37,,,2,104,,8506,37,,,2,114,,8508,37,,,2
2000003101,'52',736,,9119,15,,,2,102,,9120,15,,,2,102,,9121,15,,,2,100,,9122,15,,,2,100,,9123,15,,,2,102,,9124,15,,,2,201,,9125,15,,,2,101,,9126,15,,,2,100,,9127,15,,,2,101,,9128,15,,,2,98,,9129,15,0,8,2
2000003101,'53',838,,9131,15,,,2,102,,9132,15,,,2,100,,9133,15,,,2,100,,9134,15,,,2,102,,9135,15,,,2,201,,9136,15,,,2,101,,9137,15,,,2,100,,9138,15,,,2,101,,9139,15,,,2,98,,9140,15,0,8,2
