1300,'51',631,,7864,17,,,2,70,,7867,17,,,2,20,,7866,17,,,2,83,,7868,17,,,2,41,,7865,17,,,2,710,,7869,17,,,2,98,,7872,17,,,2,54,,7870,17,,,2,40,,7873,17,,,2,65,,7871,17,,,2
1300,'67',848,,7874,12,,,2
1501,'51',1214,,7894,5,,,2,101,,7895,5,,,2,96,,7896,5,,,2,33,,7897,5,,,2,94,,7899,22,0,34 35 6 41,2,86,,7898,22,0,34 35 6 41,2,16,,7901,22,0,34 35 6 41,2,71,,7904,22,,,2,35,,7903,22,0,34 35 6 41,2,77,,7900,5,,,2,36,,7902,5,,,2,145,,7905,5,,,2,106,,7906,5,,,2,42,,7907,5,,,2
1501,'68',1642,,7908,7,,,2
1601,'51',635,,7919,22,0,34 35 6 41,2,79,,7920,22,0,34 35 6 41,2,33,,7921,22,0,34 35 6 41,2,171,,7922,22,,,2,96,,7923,5,,,2,100,,7924,5,0,34 35 6 41,2
13101,'65',1536,,8306,41,,,2
20000,'51',919,,8323,18,,,2,28,,8321,18,,,2,66,,8320,18,,,2,29,,8322,18,,,2,1094,,8324,6,,,2,218,,8325,6,,,2
20000,'52',1908,,8326,6,,,2,445,,8327,6,,,2
21000,'51',1151,,8336,24,,,2,80,,8337,24,,,2,85,,8335,24,,,2,417,,8340,24,,,2,69,,8339,24,,,2,27,,8338,24,,,2,81,,8342,24,,,2,131,,8341,24,,,2
21000,'52',1250,,8343,24,,,2,173,,8344,24,,,2,231,,8345,24,,,2,71,,8346,24,,,2,322,,8347,24,,,2
21000,'53',1116,,8348,24,,,2,103,,8350,24,,,2,133,,8349,24,,,2,102,,8351,24,,,2,70,,8352,24,,,2
35000,'51',910,,8402,5,,,2
38000,'51',1705,,8409,19,,,2,43,,8410,19,,,2,84,,8411,19,,,2
1001101,'51',603,,8427,16,,,1,29,,8424,16,,,1,70,,8428,16,,,1,32,,8425,16,,,1,24,,8421,16,,,1,81,,8426,16,,,1,66,,8422,16,0,12 13,1,18,,8430,16,,,1,30,,8429,16,,,1,75,,8431,16,,,1,30,,8435,16,,,1,75,,8432,16,,,1,70,,8436,16,,,1,33,,8433,16,,,1,70,,8440,16,,,1,37,,8434,16,,,1,70,,8442,16,,,1,88,,8437,16,,,1,30,,8438,16,,,1,85,,8441,16,,,1,26,,8439,16,,,1,63,,8443,16,,,1,27,,8445,16,,,1,74,,8444,16,,,1,29,,8446,16,,,1,71,,8447,16,,,1,100,,8448,16,,,1,100,,8449,16,,,1,100,,8450,16,,,1,100,,8451,16,0,12 13,1
1001101,'52',803,,8453,16,,,1,101,,8454,16,,,1,101,,8455,16,,,1,100,,8456,16,,,1,98,,8457,16,,,1,100,,8460,16,,,1,101,,8458,16,,,1,100,,8459,16,,,1,100,,8461,16,,,1,100,,8462,16,,,1,100,,8463,16,,,1,100,,8464,16,,,1,100,,8465,16,,,1,100,,8466,16,,,1,100,,8467,16,,,1,100,,8468,16,0,12 13,1
1001101,'53',1005,,8472,16,,,1,100,,8469,16,,,1,98,,8470,16,,,1,100,,8473,16,,,1,101,,8474,16,,,1,100,,8475,16,,,1,100,,8476,16,,,1,100,,8477,16,,,1,100,,8478,16,,,1
1200000100,'51',652,,8518,74,0,34 35 6 31,1,71,,8519,74,0,34 35 6 31,1,21,,8520,74,0,34 35 6 31,1,69,,8523,74,0,16 1 17,1,30,,8521,74,0,34 35 6 31,1
2000001501,'52',801,,9087,5,,,2,101,,9088,5,,,2,100,,9089,5,,,2,102,,9090,5,,,2,101,,9091,5,,,2,101,,9092,5,,,2,151,,9093,5,,,2,102,,9094,5,,,2,144,,9095,5,,,2,98,,9096,5,,,2,56,,9097,5,,,2
2000001501,'53',902,,9098,5,,,2,100,,9099,5,,,2,102,,9100,5,,,2,101,,9101,5,,,2,101,,9102,5,,,2,151,,9103,5,,,2,102,,9104,5,,,2,144,,9105,5,,,2,98,,9106,5,,,2,56,,9107,5,,,2
