32500,'12',825,,6304,40,,,2
34500,'12',823,,6305,30,,,2
35500,'12',828,,6308,51,,,2
1200000100,'1',640,,7141,58,0,34 35 6 31,1,71,,7142,58,0,34 35 6 31,1,21,,7143,58,0,34 35 6 31,1,69,,7146,58,0,16 1 17,1,30,,7144,58,0,34 35 6 31,1
1200000201,'1',616,,7262,13,0,29,1,39,,7265,25,0,29,1,55,,7264,25,0,29,1,20,,7269,25,0,29,1,22,,7271,25,0,29,1,60,,7273,25,0,29,1,20,,7276,25,0,29,1,15,,7277,25,0,29,1,56,,7263,25,0,29,1,13,,7280,25,0,29,1,14,,7268,25,0,29,1,11,,7266,25,0,29,1,12,,7275,25,0,29,1,52,,7281,25,0,29,1,14,,7278,25,0,29,1,17,,7282,25,0,29,1,70,,7284,25,0,29,1,29,,7286,25,0,29,1,70,,7267,25,0,29,1,32,,7287,25,0,29,1,70,,7283,25,0,29,1,30,,7285,25,0,29,1,71,,7289,25,0,29,1,30,,7290,25,0,29,1,70,,7288,25,0,29,1,39,,7292,25,0,29,1,67,,7294,25,0,29,1,18,,7297,25,0,29,1,17,,7295,25,0,29,1,57,,7296,25,0,29,1,12,,7293,25,0,29,1,11,,7298,25,0,29,1,12,,7299,25,0,29,1,14,,7301,25,0,29,1,53,,7291,25,0,29,1,9,,7304,25,0,29,1,13,,7305,25,0,29,1,13,,7308,25,0,29,1,12,,7309,25,0,29,1,53,,7303,25,0,29,1,24,,7302,25,0,29,1,26,,7300,25,0,29,1,59,,7310,25,0,29,1,30,,7311,25,0,29,1,72,,7306,25,0,29,1,35,,7313,25,0,29,1,68,,7315,25,0,29,1,31,,7312,25,0,29,1,67,,7307,25,0,29,1,31,,7314,25,0,29,1,86,,7316,25,0,29,1
1200000201,'14',1651,,7317,19,0,29,1
1200000201,'2',647,,7321,13,0,29,1,79,,7318,25,0,29,1,30,,7326,25,0,29,1,71,,7324,25,0,29,1,31,,7322,25,0,29,1,71,,7328,25,0,29,1,72,,7319,25,0,29,1,31,,7327,25,0,29,1,71,,7325,25,0,29,1,32,,7330,25,0,29,1,70,,7329,25,0,29,1,31,,7320,25,0,29,1,72,,7332,25,0,29,1,31,,7334,25,0,29,1,70,,7331,25,0,29,1,30,,7336,25,0,29,1,71,,7337,25,0,29,1,30,,7333,25,0,29,1,69,,7335,25,0,29,1,31,,7339,25,0,29,1,72,,7341,25,0,29,1,29,,7338,25,0,29,1,66,,7343,25,0,29,1,29,,7344,25,0,29,1,65,,7340,25,0,29,1,25,,7342,25,0,29,1,28,,7348,25,0,29,1,69,,7347,25,0,29,1,31,,7345,25,0,29,1,67,,7349,25,0,29,1,28,,7351,25,0,29,1,70,,7350,25,0,29,1,30,,7353,25,0,29,1,70,,7346,25,0,29,1,29,,7352,25,0,29,1,89,,7354,25,0,29,1
1200000201,'27',2234,,7355,18,0,29,1,70,,7358,18,0,29,1,29,,7356,18,0,29,1,83,,7359,18,0,29,1,28,,7361,18,0,29,1,70,,7357,18,0,29,1,30,,7360,18,0,29,1
1200000201,'28',2233,,7362,18,0,29,1,70,,7365,18,0,29,1,30,,7363,18,0,29,1,83,,7366,18,0,29,1,28,,7368,18,0,29,1,70,,7364,18,0,29,1,30,,7367,18,0,29,1
1200000201,'29',2233,,7369,18,0,29,1,70,,7372,18,0,29,1,30,,7370,18,0,29,1,83,,7373,18,0,29,1,28,,7375,18,0,29,1,70,,7371,18,0,29,1,30,,7374,18,0,29,1
1200000201,'3',827,,7377,25,0,29,1,31,,7379,25,0,29,1,71,,7381,25,0,29,1,71,,7383,25,0,29,1,32,,7384,25,0,29,1,71,,7388,25,0,29,1,32,,7386,25,0,29,1,70,,7390,25,0,29,1,31,,7387,25,0,29,1,72,,7385,25,0,29,1,31,,7389,25,0,29,1,70,,7392,25,0,29,1,30,,7391,25,0,29,1,71,,7393,25,0,29,1,30,,7395,25,0,29,1,69,,7397,25,0,29,1,31,,7400,25,0,29,1,72,,7402,25,0,29,1,29,,7394,25,0,29,1,66,,7396,25,0,29,1,29,,7398,25,0,29,1,65,,7401,25,0,29,1,25,,7403,25,0,29,1,28,,7405,25,0,29,1,69,,7404,25,0,29,1,31,,7399,25,0,29,1,67,,7406,25,0,29,1
1200000401,'1',1712,,7635,25,,,1,22,,7633,25,,,1
