20000,'51',853,,8323,11,,,2,69,,8321,11,,,2,27,,8320,11,,,2,69,,8322,11,,,2
5002301,'51',1544,,8486,11,,,2,84,,8484,11,,,2,28,,8483,11,,,2,159,,8485,11,,,2
5002401,'51',1545,,8492,11,,,2,84,,8490,11,,,2,27,,8491,11,,,2
5003401,'51',1625,,8495,11,,,2
5003601,'51',1542,,8498,11,,,2,82,,8499,11,,,2,24,,8500,11,,,2
5003701,'51',1543,,8507,11,,,2,106,,8506,11,,,2,163,,8508,11,,,2
5003801,'51',1625,,8510,11,,,2,94,,8509,11,,,2
1200000201,'51',631,,8663,11,0,29,1,15,,8661,11,0,29,1,59,,8665,11,0,29,1,10,,8671,11,0,29,1,10,,8668,11,0,29,1,9,,8660,11,0,29,1,10,,8670,11,0,29,1,59,,8673,11,0,29,1,18,,8679,11,0,29,1,15,,8659,11,0,29,1,14,,8681,11,0,29,1,54,,8664,11,0,29,1,12,,8675,11,0,29,1,12,,8662,11,0,29,1,13,,8678,11,0,29,1,15,,8666,11,0,29,1,52,,8685,11,0,29,1,17,,8684,11,0,29,1,18,,8687,11,0,29,1,14,,8683,11,0,29,1,55,,8682,11,0,29,1,15,,8688,11,0,29,1,15,,8690,11,0,29,1,15,,8691,11,0,29,1,56,,8692,11,0,29,1,15,,8686,11,0,29,1,15,,8693,11,0,29,1,15,,8694,11,0,29,1,55,,8695,11,0,29,1,16,,8696,11,0,29,1,15,,8697,11,0,29,1,15,,8689,11,0,29,1,55,,8698,11,0,29,1,14,,8700,11,0,29,1,15,,8701,11,0,29,1,16,,8702,11,0,29,1,51,,8706,11,0,29,1,11,,8699,11,0,29,1,16,,8704,11,0,29,1,16,,8709,11,0,29,1,55,,8710,11,0,29,1,18,,8712,11,0,29,1,11,,8703,11,0,29,1,13,,8714,11,0,29,1,54,,8708,11,0,29,1,16,,8716,11,0,29,1,16,,8718,11,0,29,1,10,,8720,11,0,29,1,54,,8707,11,0,29,1,13,,8713,11,0,29,1,8,,8705,11,0,29,1,8,,8721,11,0,29,1,13,,8711,11,0,29,1,14,,8715,11,0,29,1,53,,8717,11,0,29,1,14,,8722,11,0,29,1,14,,8719,11,0,29,1,20,,8723,11,0,29,1,70,,8724,11,0,29,1,32,,8726,11,0,29,1,75,,8728,11,0,29,1,69,,8730,11,0,29,1,31,,8725,11,0,29,1,68,,8727,11,0,29,1,31,,8729,11,0,29,1,86,,8731,11,0,29,1
1200000201,'52',707,,8732,11,0,29,1,30,,8740,11,0,29,1,69,,8738,11,0,29,1,31,,8736,11,0,29,1,71,,8742,11,0,29,1,31,,8733,11,0,29,1,71,,8741,11,0,29,1,30,,8739,11,0,29,1,70,,8744,11,0,29,1,30,,8743,11,0,29,1,70,,8734,11,0,29,1,32,,8747,11,0,29,1,70,,8748,11,0,29,1,30,,8745,11,0,29,1,70,,8746,11,0,29,1,31,,8751,11,0,29,1,70,,8750,11,0,29,1,29,,8749,11,0,29,1,71,,8754,11,0,29,1,32,,8756,11,0,29,1,70,,8752,11,0,29,1,29,,8759,11,0,29,1,70,,8758,11,0,29,1,27,,8755,11,0,29,1,67,,8757,11,0,29,1,28,,8762,11,0,29,1,69,,8753,11,0,29,1,31,,8760,11,0,29,1,67,,8763,11,0,29,1,28,,8765,11,0,29,1,70,,8764,11,0,29,1,30,,8768,11,0,29,1,70,,8761,11,0,29,1,29,,8766,11,0,29,1,88,,8767,11,0,29,1
1200000201,'53',806,,8770,11,0,29,1,31,,8772,11,0,29,1,71,,8774,11,0,29,1,31,,8776,11,0,29,1,71,,8778,11,0,29,1,30,,8782,11,0,29,1,70,,8780,11,0,29,1,30,,8784,11,0,29,1,70,,8781,11,0,29,1,32,,8779,11,0,29,1,70,,8783,11,0,29,1,30,,8785,11,0,29,1,70,,8777,11,0,29,1,31,,8786,11,0,29,1,70,,8788,11,0,29,1,29,,8791,11,0,29,1,71,,8793,11,0,29,1,32,,8795,11,0,29,1,70,,8787,11,0,29,1,29,,8789,11,0,29,1,70,,8792,11,0,29,1,27,,8794,11,0,29,1,67,,8796,11,0,29,1,28,,8798,11,0,29,1,69,,8797,11,0,29,1,31,,8790,11,0,29,1,67,,8799,11,0,29,1
1200000201,'69',1544,,8803,11,0,29,1,56,,8804,11,0,29,1
1200000301,'51',659,,8913,11,,,1,59,,8917,11,,,1,34,,8912,11,,,1,69,,8927,11,,,1,26,,8928,11,,,1,65,,8914,11,,,1,30,,8918,11,,,1,67,,8922,11,,,1,36,,8929,11,,,1,60,,8931,11,,,1,20,,8930,11,,,1,20,,8933,11,,,1,61,,8923,11,,,1,20,,8935,11,,,1,22,,8937,11,,,1,60,,8932,11,,,1,20,,8938,11,,,1,20,,8934,11,,,1,58,,8940,11,,,1,20,,8936,11,,,1,19,,8941,11,,,1,61,,8942,11,,,1,17,,8939,11,,,1,13,,8944,11,,,1,18,,8943,11,,,1,57,,8952,11,,,1,19,,8949,11,,,1,12,,8951,11,,,1,15,,8946,11,,,1,57,,8945,11,,,1,17,,8955,11,,,1,16,,8953,11,,,1,54,,8958,11,,,1,8,,8948,11,,,1,8,,8950,11,,,1,15,,8947,11,,,1,18,,8954,11,,,1,62,,8957,11,,,1,24,,8956,11,,,1,71,,8966,11,,,1,30,,8965,11,,,1,70,,8967,11,,,1,33,,8961,11,,,1
1200000301,'52',736,,8968,11,,,1,70,,8972,11,,,1,31,,8974,11,,,1,71,,8976,11,,,1,31,,8969,11,,,1,72,,8973,11,,,1,30,,8975,11,,,1,71,,8977,11,,,1,31,,8970,11,,,1,71,,8981,11,,,1,31,,8971,11,,,1,70,,8978,11,,,1,31,,8979,11,,,1,70,,8982,11,,,1,30,,8984,11,,,1,70,,8986,11,,,1,30,,8980,11,,,1,71,,8983,11,,,1,31,,8985,11,,,1,68,,8987,11,,,1,29,,8988,11,,,1,69,,8989,11,,,1,27,,8990,11,,,1,67,,8992,11,,,1
1200000301,'53',806,,8998,11,,,1,31,,9000,11,,,1,71,,9003,11,,,1,31,,9005,11,,,1,72,,8999,11,,,1,30,,9001,11,,,1,71,,9004,11,,,1,31,,9006,11,,,1,71,,9008,11,,,1,31,,9002,11,,,1,70,,9010,11,,,1,31,,9007,11,,,1,70,,9009,11,,,1,30,,9012,11,,,1,70,,9011,11,,,1,30,,9015,11,,,1,71,,9017,11,,,1,31,,9013,11,,,1,68,,9019,11,,,1,29,,9016,11,,,1,69,,9018,11,,,1,27,,9014,11,,,1,67,,9020,11,,,1
1200000401,'51',1631,,9031,11,,,1,69,,9034,11,,,1,26,,9035,11,,,1
