3101,'51',622,,8078,4,,,2,34,,8080,4,,,2,102,,8081,4,,,2,145,,8082,4,,,2,100,,8083,4,,,2,100,,8084,4,,,2,104,,8086,4,,,2,102,,8085,4,,,2,101,,8087,4,,,2,101,,8088,4,,,2,97,,8089,4,,,2,31,,8093,4,,,2,70,,8090,4,,,2,33,,8091,4,,,2,69,,8094,4,,,2,28,,8092,4,,,2,72,,8095,4,,,2,295,,8096,4,0,8,2
3701,'51',718,,8189,4,0,32 1 33,2,105,,8190,4,,,2,102,,8191,4,,,2,98,,8192,4,,,2,102,,8193,4,,,2,113,,8194,4,,,2,102,,8195,4,,,2,102,,8196,4,,,2,116,,8197,4,,,2,181,,8198,4,,,2,71,,8199,4,,,2,101,,8200,4,,,2,97,,8201,4,,,2,97,,8202,4,,,2,101,,8203,4,,,2,100,,8204,4,,,2,28,,8205,4,,,2
3701,'52',649,,8206,4,,,2,100,,8207,4,,,2,101,,8208,4,,,2,102,,8209,4,,,2,101,,8210,4,,,2,156,,8211,4,,,2,100,,8212,4,,,2,102,,8213,4,,,2,100,,8214,4,,,2,100,,8215,4,,,2,102,,8216,4,,,2,98,,8222,4,,,2,98,,8223,4,,,2,96,,8217,4,,,2,100,,8218,4,,,2,101,,8219,4,,,2,98,,8220,4,,,2,28,,8221,4,,,2
3701,'53',749,,8224,4,,,2,101,,8225,4,,,2,102,,8226,4,,,2,101,,8227,4,,,2,156,,8228,4,,,2,100,,8229,4,,,2,102,,8230,4,,,2,100,,8231,4,,,2,100,,8232,4,,,2,102,,8233,4,,,2,98,,8234,4,,,2,98,,8235,4,,,2
3800,'51',748,,8238,4,,,2,106,,8237,4,,,2,98,,8236,4,,,2,102,,8239,4,,,2,153,,8240,4,,,2,102,,8241,4,,,2,102,,8242,4,,,2,108,,8243,11,,,2,117,,8244,4,,,2,73,,8245,4,,,2,134,,8246,4,,,2,97,,8247,4,,,2,96,,8248,4,,,2,101,,8249,4,,,2,99,,8250,4,,,2
3800,'52',719,,8251,4,,,2,100,,8252,4,,,2,103,,8253,4,,,2,101,,8254,4,,,2,100,,8255,4,,,2,116,,8256,4,,,2,100,,8257,4,,,2,102,,8258,4,,,2,100,,8259,4,,,2,102,,8260,4,,,2,100,,8261,4,,,2,98,,8265,4,,,2,96,,8266,4,,,2,100,,8262,4,,,2,97,,8263,4,,,2,101,,8264,4,,,2
3800,'53',819,,8267,4,,,2,103,,8268,4,,,2,101,,8269,4,,,2,100,,8270,4,,,2,116,,8271,4,,,2,100,,8272,4,,,2,102,,8273,4,,,2,100,,8274,4,,,2,102,,8275,4,,,2,100,,8276,4,,,2,98,,8277,4,,,2,96,,8278,4,,,2
3901,'51',1625,,8282,4,,,2,84,,8283,4,,,2,45,,8284,4,,,2
24101,'65',1514,,8387,11,,,2
24201,'65',1514,,8389,11,,,2
31101,'65',1518,,8393,11,,,2
35101,'65',1518,,8404,11,,,2
38101,'65',1518,,8416,11,,,2
5003700,'51',606,,8501,4,,,2,20,,8502,4,,,2,75,,8504,4,,,2,31,,8505,4,,,2,68,,8503,4,,,2
5003701,'51',1615,,8507,24,,,2,105,,8506,24,,,2,114,,8508,24,,,2
5003801,'51',1658,,8510,24,,,2,88,,8509,24,,,2
2000003101,'52',730,,9119,4,,,2,102,,9120,4,,,2,102,,9121,4,,,2,100,,9122,4,,,2,100,,9123,4,,,2,102,,9124,4,,,2,201,,9125,4,,,2,101,,9126,4,,,2,100,,9127,4,,,2,101,,9128,4,,,2,98,,9129,4,0,8,2
2000003101,'53',832,,9131,4,,,2,102,,9132,4,,,2,100,,9133,4,,,2,100,,9134,4,,,2,102,,9135,4,,,2,201,,9136,4,,,2,101,,9137,4,,,2,100,,9138,4,,,2,101,,9139,4,,,2,98,,9140,4,0,8,2
