22101,'65',1515,,8371,11,,,2
22201,'65',1515,,8373,11,,,2
23101,'65',1515,,8379,11,,,2
5003700,'51',644,,8501,63,,,2,15,,8502,56,,,2,75,,8504,56,,,2,71,,8505,56,,,2,32,,8503,63,,,2
5004200,'61',704,,8511,23,,,2
1200000101,'51',1550,,8526,49,,,1,72,,8527,49,,,1,31,,8528,49,,,1,71,,8529,49,,,1
1200000200,'51',551,,8533,23,,,1,55,,8531,45,,,1,15,,8535,45,,,1,8,,8539,23,,,1,8,,8537,45,,,1,8,,8542,23,,,1,9,,8538,45,,,1,55,,8540,45,,,1,16,,8544,45,,,1,17,,8530,45,,,1,15,,8545,45,,,1,55,,8534,45,,,1,14,,8541,45,,,1,14,,8532,45,,,1,15,,8543,45,,,1,59,,8536,45,,,1,13,,8549,45,,,1,17,,8548,45,,,1,57,,8551,45,,,1,14,,8547,45,,,1,15,,8546,45,,,1,15,,8552,45,,,1,55,,8554,45,,,1,15,,8555,45,,,1,15,,8556,45,,,1,15,,8550,45,,,1,55,,8557,45,,,1,15,,8558,45,,,1,15,,8559,45,,,1,16,,8560,45,,,1,55,,8561,45,,,1,15,,8553,45,,,1,15,,8562,45,,,1,14,,8564,45,,,1,55,,8565,45,,,1,15,,8566,45,,,1,21,,8563,45,,,1,12,,8568,45,,,1,56,,8571,45,,,1,15,,8572,45,,,1,16,,8574,45,,,1,12,,8567,45,,,1,54,,8575,45,,,1,15,,8570,45,,,1,15,,8577,45,,,1,9,,8581,32,,,1,8,,8579,45,,,1,52,,8583,45,,,1,15,,8569,45,,,1,17,,8582,45,,,1,14,,8584,45,,,1,54,,8573,45,,,1,14,,8576,45,,,1,15,,8578,45,,,1,15,,8585,45,,,1,15,,8580,45,,,1,70,,8588,45,,,1,30,,8587,45,,,1,70,,8592,45,,,1,30,,8586,45,,,1,69,,8594,45,,,1,72,,8589,45,,,1,29,,8591,45,,,1,72,,8593,45,,,1,26,,8595,45,,,1,30,,8590,45,0,14,1
1200000200,'52',729,,8599,45,,,1,30,,8598,45,,,1,71,,8602,45,,,1,70,,8596,45,,,1,30,,8601,45,,,1,70,,8600,45,,,1,30,,8604,45,,,1,70,,8603,45,,,1,30,,8597,45,,,1,71,,8607,45,,,1,30,,8608,45,,,1,70,,8605,45,,,1,30,,8606,45,,,1,71,,8611,45,,,1,30,,8610,45,,,1,69,,8609,45,,,1,30,,8614,45,,,1,70,,8616,45,,,1,30,,8612,45,,,1,70,,8619,45,,,1,30,,8618,45,,,1,70,,8615,45,,,1,29,,8617,45,,,1,28,,8622,45,,,1,70,,8613,45,,,1,31,,8620,45,,,1,69,,8623,45,,,1,29,,8625,45,,,1,70,,8624,45,,,1,30,,8628,45,,,1,70,,8621,45,,,1,30,,8626,45,,,1,70,,8627,45,,,1
1200000200,'53',729,,8629,45,,,1,30,,8630,45,,,1,71,,8631,45,,,1,70,,8632,45,,,1,30,,8634,45,,,1,70,,8638,45,,,1,30,,8636,45,,,1,70,,8640,45,,,1,30,,8637,45,,,1,71,,8635,45,,,1,30,,8639,45,,,1,70,,8641,45,,,1,30,,8633,45,,,1,71,,8642,45,,,1,30,,8644,45,,,1,69,,8647,45,,,1,30,,8649,45,,,1,70,,8651,45,,,1,30,,8643,45,,,1,70,,8645,45,,,1,30,,8648,45,,,1,70,,8650,45,,,1,29,,8652,45,,,1,28,,8654,45,,,1,70,,8653,45,,,1,31,,8646,45,,,1,69,,8655,45,,,1
1200000200,'69',706,,8656,23,,,1,47,,8657,23,,,1
1200000400,'51',701,,9024,47,,,1,16,,9025,47,,,1,16,,9026,47,,,1,16,,9023,47,,,1
