2201,'51',1633,,7972,2,,,2
2201,'68',1633,,7975,2,,,2
2301,'51',1633,,8043,2,,,2
2301,'68',1633,,8070,2,,,2
3400,'51',621,,8098,35,,,2,117,,8099,37,,,2,77,,8097,35,,,2,714,,8101,26,,,2,82,,8103,35,,,2,102,,8102,37,,,2,28,,8104,37,,,2,88,,8105,37,,,2
3401,'51',1635,,8109,2,,,2
3501,'51',557,,8115,31,,,2,96,,8116,33,,,2,82,,8117,33,,,2,86,,8118,33,,,2,97,,8119,33,,,2,37,,8120,33,,,2,85,,8121,33,,,2,85,,8122,33,,,2,85,,8123,33,,,2,45,,8124,33,,,2,85,,8125,33,,,2,88,,8126,33,,,2,88,,8127,33,,,2,90,,8128,33,,,2,49,,8129,33,,,2,79,,8130,33,,,2,81,,8131,33,,,2,44,,8132,33,,,2,77,,8133,33,,,2,77,,8134,33,,,2,26,,8135,33,,,2,71,,8136,33,,,2,27,,8137,33,,,2,78,,8138,33,,,2,30,,8139,33,,,2,68,,8140,33,,,2,25,,8141,33,,,2
3501,'52',720,,8142,33,,,2,30,,8143,33,,,2,70,,8144,33,,,2,30,,8145,33,,,2,71,,8146,33,,,2,33,,8147,33,,,2,86,,8148,33,,,2,85,,8149,33,,,2,85,,8150,33,,,2,47,,8151,33,,,2,89,,8152,33,,,2,85,,8153,33,,,2,86,,8154,33,,,2,85,,8155,33,,,2,45,,8156,33,,,2,81,,8157,33,,,2,84,,8158,33,,,2,40,,8159,33,,,2,80,,8160,33,,,2,85,,8161,33,,,2,30,,8162,33,,,2,68,,8163,33,,,2,28,,8164,33,,,2,70,,8165,33,,,2,30,,8166,33,,,2,68,,8167,33,,,2,25,,8168,33,,,2
3501,'53',850,,8169,33,,,2,71,,8170,33,,,2,33,,8171,33,,,2,86,,8172,33,,,2,85,,8173,33,,,2,85,,8174,33,,,2,47,,8175,33,,,2,89,,8176,33,,,2,85,,8177,33,,,2,86,,8178,33,,,2,85,,8179,33,,,2,45,,8180,33,,,2,81,,8181,33,,,2,84,,8182,33,,,2,40,,8184,33,,,2,80,,8185,33,,,2,85,,8183,33,,,2
3600,'51',629,,8186,31,,,2,275,,8187,31,,,2
20001,'51',602,,8328,11,0,14,2,24,,8329,11,0,14,2,819,,8330,11,0,36 37,2,72,,8331,11,0,36 37,2
20001,'52',633,,8332,11,0,36 37,2,19,,8333,11,0,14,2,51,,8334,11,0,36 37,2
1200000201,'68',1634,,8800,4,0,29,1
2000003400,'52',731,,9141,35,,,2,84,,9142,37,,,2,87,,9143,37,,,2,46,,9144,37,,,2,84,,9145,37,,,2,86,,9146,37,,,2,85,,9147,37,,,2,47,,9148,37,,,2,171,,9149,37,,,2,83,,9150,37,,,2,47,,9151,37,,,2,83,,9152,37,,,2,90,,9153,37,,,2,82,,9154,37,,,2,44,,9155,37,,,2
2000003400,'53',813,,9156,35,,,2,89,,9157,37,,,2,46,,9158,37,,,2,84,,9159,37,,,2,86,,9160,37,,,2,85,,9161,37,,,2,47,,9162,37,,,2,171,,9163,37,,,2,83,,9164,37,,,2,47,,9165,37,,,2,83,,9166,37,,,2,90,,9167,37,,,2,82,,9168,37,,,2,44,,9169,37,,,2
