3101,'51',608,,8077,40,,,2,29,,8079,40,,,2,67,,8078,72,,,2,34,,8080,72,,,2,102,,8081,72,,,2,105,,8082,72,,,2,100,,8083,72,,,2,100,,8084,72,,,2,104,,8086,72,,,2,102,,8085,72,,,2,101,,8087,72,,,2,101,,8088,72,,,2,97,,8089,72,,,2,71,,8093,72,,,2,30,,8090,72,,,2,73,,8091,72,,,2,29,,8094,72,,,2,68,,8092,72,,,2,32,,8095,72,,,2
3800,'51',809,,8238,41,,,2,105,,8237,41,,,2,98,,8236,41,,,2,102,,8239,41,,,2,113,,8240,41,,,2,102,,8241,41,,,2,102,,8242,41,,,2,109,,8243,48,,,2,116,,8244,41,,,2,72,,8245,41,,,2,174,,8246,41,,,2,57,,8247,41,,,2,96,,8248,41,,,2,101,,8249,41,,,2,99,,8250,41,,,2
3800,'52',738,,8251,41,,,2,100,,8252,41,,,2,103,,8253,41,,,2,101,,8254,41,,,2,100,,8255,41,,,2,116,,8256,41,,,2,100,,8257,41,,,2,142,,8258,41,,,2,100,,8259,41,,,2,102,,8260,41,,,2,100,,8261,41,,,2,98,,8265,41,,,2,56,,8266,41,,,2,100,,8262,41,,,2,97,,8263,41,,,2,101,,8264,41,,,2
3800,'53',838,,8267,41,,,2,103,,8268,41,,,2,101,,8269,41,,,2,100,,8270,41,,,2,116,,8271,41,,,2,100,,8272,41,,,2,142,,8273,41,,,2,100,,8274,41,,,2,102,,8275,41,,,2,100,,8276,41,,,2,98,,8277,41,,,2,56,,8278,41,,,2
3900,'51',639,,8280,24,,,2,79,,8281,24,,,2,30,,8279,24,,,2
31100,'64',745,,8392,51,,,2
35100,'64',728,,8403,36,,,2
35500,'62',824,,8405,37,0,38 1 7 37,2
38000,'51',1653,,8409,12,,,2,84,,8410,12,,,2,84,,8411,12,,,2
38100,'64',732,,8415,43,,,2
38500,'62',821,,8417,22,,,2
5003801,'51',1725,,8510,72,,,2,88,,8509,72,,,2
2000003101,'52',711,,9118,41,,,2,100,,9119,73,,,2,102,,9120,73,,,2,102,,9121,73,,,2,100,,9122,73,,,2,100,,9123,73,,,2,102,,9124,73,,,2,201,,9125,73,,,2,101,,9126,73,,,2,100,,9127,73,,,2,101,,9128,73,,,2
2000003101,'53',811,,9130,41,,,2,102,,9131,73,,,2,102,,9132,73,,,2,100,,9133,73,,,2,100,,9134,73,,,2,102,,9135,73,,,2,201,,9136,73,,,2,101,,9137,73,,,2,100,,9138,73,,,2,101,,9139,73,,,2
