3101,'51',613,,8077,49,,,2,31,,8079,49,,,2,68,,8078,81,,,2,34,,8080,81,,,2,99,,8081,81,,,2,105,,8082,81,,,2,100,,8083,81,,,2,100,,8084,81,,,2,104,,8086,81,,,2,102,,8085,81,,,2,101,,8087,81,,,2,102,,8088,81,,,2,97,,8089,81,,,2,71,,8093,81,,,2,29,,8090,81,,,2,73,,8091,81,,,2,29,,8094,81,,,2,68,,8092,81,,,2,32,,8095,81,,,2
3900,'51',650,,8280,33,,,2,79,,8281,33,,,2,30,,8279,33,,,2
24100,'64',733,,8386,17,4,,2
24200,'64',735,,8388,19,4,,2
31100,'64',754,,8392,59,,,2
35100,'64',736,,8403,45,,,2
38100,'64',740,,8415,51,,,2
5003701,'51',1651,,8507,81,4,,2,104,,8506,81,4,,2,154,,8508,81,4,,2
5003801,'51',1732,,8510,80,4,,2,87,,8509,80,4,,2
2000003101,'52',716,,9118,50,,,2,100,,9119,82,,,2,102,,9120,82,,,2,102,,9121,82,,,2,100,,9122,82,,,2,100,,9123,82,,,2,102,,9124,82,,,2,201,,9125,82,,,2,101,,9126,82,,,2,100,,9127,82,,,2,101,,9128,82,,,2
2000003101,'53',816,,9130,50,,,2,102,,9131,82,,,2,102,,9132,82,,,2,100,,9133,82,,,2,100,,9134,82,,,2,102,,9135,82,,,2,201,,9136,82,,,2,101,,9137,82,,,2,100,,9138,82,,,2,101,,9139,82,,,2
