2201,'51',635,,7949,21,,,2,68,,7965,21,0,23,2,30,,7950,21,0,23,2,25,,7967,21,,,2,68,,7969,21,,,2,26,,7966,21,,,2,66,,7968,21,,,2,82,,7951,21,,,2,37,,7955,21,,,2,72,,7952,21,,,2,30,,7956,21,,,2,70,,7953,21,,,2,31,,7957,21,,,2,70,,7954,21,,,2,30,,7958,21,,,2,70,,7970,21,,,2,30,,7959,21,,,2,76,,7960,21,,,2,25,,7962,21,,,2,15,,7971,21,,,2,91,,7972,25,,,2,71,,7973,21,,,2,34,,7961,21,,,2,72,,7963,21,,,2,25,,7974,21,,,2,64,,7964,21,,,2
2201,'68',1647,,7975,25,,,2
2300,'51',607,,7994,43,,,2,235,,7997,43,0,14 1 15,2,71,,7976,43,,,2,36,,7979,43,,,2,70,,7977,43,,,2,31,,7980,43,,,2,70,,7978,43,,,2,30,,7981,43,,,2
2300,'52',644,,7999,43,,,2,100,,8000,43,,,2,101,,8001,43,,,2,101,,8002,43,,,2,101,,8003,43,,,2,101,,8004,43,,,2,101,,8005,43,,,2
2300,'53',744,,8011,43,,,2,101,,8012,43,,,2,101,,8013,43,,,2,101,,8014,43,,,2,101,,8015,43,,,2,101,,8016,43,,,2
2300,'67',841,,8022,7,0,14 1 15,2
22200,'64',715,,8372,10,,,2
22201,'65',1536,,8373,38,4,,2
23500,'62',812,,8382,42,,,2
5002300,'51',634,,8479,43,,,2,66,,8481,43,,,2,29,,8482,43,,,2,72,,8480,43,,,2
