1100,'1',623,,5748,60,,,1,34,,5754,60,,,1,69,,5749,60,,,1,74,,5755,60,,,1,30,,5750,60,,,1,18,,5751,60,,,1,69,,5756,60,,,1,34,,5752,60,,,1,70,,5757,60,,,1,35,,5758,60,,,1,70,,5761,60,,,1,33,,5759,60,,,1,70,,5762,60,,,1,77,,5760,60,,,1,30,,5763,60,,,1,88,,5764,60,,,1,30,,5766,60,,,1,75,,5765,60,,,1,30,,5767,60,,,1,85,,5770,60,,,1,62,,5768,60,,,1,22,,5772,60,,,1,26,,5771,60,,,1,76,,5773,60,,,1,28,,5769,60,,,1,70,,5774,60,,,1,100,,5775,60,,,1,100,,5776,60,,,1,100,,5777,60,,,1,100,,5778,60,,,1
1100,'2',726,,5779,60,,,1,102,,5780,60,,,1,99,,5781,60,,,1,102,,5782,60,,,1,100,,5783,60,,,1,100,,5784,60,,,1,101,,5785,60,,,1,99,,5786,60,,,1,100,,5787,60,,,1,100,,5788,60,,,1,99,,5789,60,,,1,100,,5790,60,,,1,99,,5792,60,,,1,100,,5793,60,,,1,100,,5791,60,,,1,100,,5795,60,,,1,100,,5794,60,,,1
1100,'3',927,,5796,60,,,1,102,,5797,60,,,1,100,,5798,60,,,1,100,,5799,60,,,1,101,,5800,60,,,1,99,,5801,60,,,1,100,,5802,60,,,1,100,,5803,60,,,1,99,,5804,60,,,1,100,,5805,60,,,1
11500,'12',837,,6227,19,,,2
1200000201,'1',544,,7270,7,0,29,1,60,,7272,7,0,29,1,17,,7274,7,0,29,1,19,,7262,37,0,29,1,62,,7279,7,0,29,1,18,,7265,49,0,29,1,16,,7264,49,0,29,1,21,,7269,49,0,29,1,61,,7271,49,0,29,1,19,,7273,49,0,29,1,20,,7276,49,0,29,1,55,,7277,49,0,29,1,16,,7263,49,0,29,1,12,,7280,49,0,29,1,14,,7268,49,0,29,1,51,,7266,49,0,29,1,12,,7275,49,0,29,1,12,,7281,49,0,29,1,14,,7278,49,0,29,1,57,,7282,49,0,29,1,31,,7284,49,0,29,1,69,,7286,49,0,29,1,30,,7267,49,0,29,1,73,,7287,49,0,29,1,29,,7283,49,0,29,1,70,,7285,49,0,29,1,31,,7289,49,0,29,1,71,,7290,49,0,29,1,30,,7288,49,0,29,1,82,,7292,49,0,29,1,26,,7294,49,0,29,1,17,,7297,49,0,29,1,56,,7295,49,0,29,1,17,,7296,49,0,29,1,11,,7293,49,0,29,1,10,,7298,49,0,29,1,52,,7299,49,0,29,1,14,,7301,49,0,29,1,13,,7291,49,0,29,1,9,,7304,49,0,29,1,13,,7305,49,0,29,1,53,,7308,49,0,29,1,12,,7309,49,0,29,1,13,,7303,49,0,29,1,24,,7302,49,0,29,1,66,,7300,49,0,29,1,19,,7310,49,0,29,1,68,,7311,49,0,29,1,32,,7306,49,0,29,1,75,,7313,49,0,29,1,26,,7315,49,0,29,1,71,,7312,49,0,29,1,26,,7307,49,0,29,1,71,,7314,49,0,29,1,46,,7316,49,0,29,1
1200000201,'14',1717,,7317,43,0,29,1
1200000201,'2',642,,7323,7,0,29,1,68,,7321,37,0,29,1,39,,7318,49,0,29,1,70,,7326,49,0,29,1,31,,7324,49,0,29,1,72,,7322,49,0,29,1,32,,7328,49,0,29,1,71,,7319,49,0,29,1,31,,7327,49,0,29,1,72,,7325,49,0,29,1,72,,7330,49,0,29,1,30,,7329,49,0,29,1,71,,7320,49,0,29,1,32,,7332,49,0,29,1,71,,7334,49,0,29,1,30,,7331,49,0,29,1,70,,7336,49,0,29,1,31,,7337,49,0,29,1,70,,7333,49,0,29,1,30,,7335,49,0,29,1,71,,7339,49,0,29,1,31,,7341,49,0,29,1,68,,7338,49,0,29,1,25,,7343,49,0,29,1,28,,7344,49,0,29,1,65,,7340,49,0,29,1,25,,7342,49,0,29,1,67,,7348,49,0,29,1,29,,7347,49,0,29,1,71,,7345,49,0,29,1,27,,7349,49,0,29,1,68,,7351,49,0,29,1,29,,7350,49,0,29,1,70,,7353,49,0,29,1,29,,7346,49,0,29,1,68,,7352,49,0,29,1,49,,7354,49,0,29,1
1200000201,'27',2254,,7355,42,0,29,1,70,,7358,42,0,29,1,28,,7356,42,0,29,1,83,,7359,42,0,29,1,68,,7361,42,0,29,1,30,,7357,42,0,29,1,70,,7360,42,0,29,1
1200000201,'28',2253,,7362,42,0,29,1,70,,7365,42,0,29,1,29,,7363,42,0,29,1,82,,7366,42,0,29,1,68,,7368,42,0,29,1,30,,7364,42,0,29,1,70,,7367,42,0,29,1
1200000201,'29',2253,,7369,42,0,29,1,70,,7372,42,0,29,1,29,,7370,42,0,29,1,82,,7373,42,0,29,1,68,,7375,42,0,29,1,30,,7371,42,0,29,1,70,,7374,42,0,29,1
1200000201,'3',642,,7376,7,0,29,1,68,,7378,7,0,29,1,32,,7380,7,0,29,1,70,,7382,7,0,29,1,38,,7377,49,0,29,1,72,,7379,49,0,29,1,32,,7381,49,0,29,1,70,,7383,49,0,29,1,32,,7384,49,0,29,1,72,,7388,49,0,29,1,72,,7386,49,0,29,1,30,,7390,49,0,29,1,71,,7387,49,0,29,1,32,,7385,49,0,29,1,71,,7389,49,0,29,1,30,,7392,49,0,29,1,70,,7391,49,0,29,1,31,,7393,49,0,29,1,70,,7395,49,0,29,1,30,,7397,49,0,29,1,71,,7400,49,0,29,1,31,,7402,49,0,29,1,68,,7394,49,0,29,1,25,,7396,49,0,29,1,28,,7398,49,0,29,1,65,,7401,49,0,29,1,25,,7403,49,0,29,1,67,,7405,49,0,29,1,29,,7404,49,0,29,1,71,,7399,49,0,29,1,27,,7406,49,0,29,1
