1300,'45',729,,9203,28,,,2
1300,'46',729,,7866,28,,,2
1300,'51',639,,7864,28,,,2,70,,7867,28,,,2,103,,7868,28,,,2,41,,7865,28,,,2,750,,7869,28,,,2,98,,7872,28,,,2,13,,7870,28,,,2,40,,7873,28,,,2,65,,7871,28,,,2
1300,'67',856,,7874,23,,,2
1501,'51',1533,,7899,17,0,34 35 6 41,2,84,,7898,17,0,34 35 6 41,2,16,,7901,17,0,34 35 6 41,2,72,,7904,17,,,2,36,,7903,17,0,34 35 6 41,2
1501,'68',1635,,7908,2,,,2
1601,'51',629,,7919,17,0,34 35 6 41,2,79,,7920,17,0,34 35 6 41,2,33,,7921,17,0,34 35 6 41,2,172,,7922,17,,,2
11900,'67',854,,8295,39,,,2
12900,'67',849,,8303,20,,,2
20001,'51',547,,8328,3,0,14,2,60,,8329,3,0,14,2,816,,8330,3,0,36 37,2,29,,8331,3,0,36 37,2
20001,'52',618,,8332,3,0,36 37,2,19,,8333,3,0,14,2,9,,8334,3,0,36 37,2
21001,'51',527,,8353,3,,,2,27,,8354,3,,,2,55,,8355,3,,,2,13,,8356,3,,,2,1381,,8361,3,,,2
21001,'52',604,,8362,3,,,2,131,,8363,3,,,2,302,,8364,3,,,2,670,,8365,3,,,2,30,,8366,3,,,2
21001,'53',634,,8367,3,,,2,70,,8368,3,,,2,31,,8369,3,,,2
38001,'51',522,,8412,3,,,2,80,,8413,3,,,2,28,,8414,3,,,2
1200000101,'51',1523,,8526,19,,,1,31,,8527,19,,,1,69,,8528,19,,,1,34,,8529,19,,,1
1200000200,'51',549,,8531,22,,,1,54,,8535,22,,,1,15,,8537,22,,,1,16,,8538,22,,,1,15,,8540,22,,,1,55,,8544,22,,,1,17,,8530,22,,,1,15,,8545,22,,,1,16,,8534,22,,,1,54,,8541,22,,,1,14,,8532,22,,,1,15,,8543,22,,,1,19,,8536,22,,,1,54,,8549,22,,,1,17,,8548,22,,,1,18,,8551,22,,,1,14,,8547,22,,,1,55,,8546,22,,,1,15,,8552,22,,,1,15,,8554,22,,,1,15,,8555,22,,,1,55,,8556,22,,,1,15,,8550,22,,,1,14,,8557,22,,,1,15,,8558,22,,,1,55,,8559,22,,,1,16,,8560,22,,,1,15,,8561,22,,,1,15,,8553,22,,,1,55,,8562,22,,,1,14,,8564,22,,,1,15,,8565,22,,,1,15,,8566,22,,,1,61,,8563,22,,,1,12,,8568,22,,,1,15,,8571,22,,,1,15,,8572,22,,,1,55,,8574,22,,,1,12,,8567,22,,,1,14,,8575,22,,,1,15,,8570,22,,,1,54,,8577,22,,,1,8,,8581,9,,,1,8,,8579,22,,,1,14,,8583,22,,,1,15,,8569,22,,,1,57,,8582,22,,,1,15,,8584,22,,,1,16,,8573,22,,,1,15,,8576,22,,,1,55,,8578,22,,,1,15,,8585,22,,,1,15,,8580,22,,,1,70,,8588,22,,,1,30,,8587,22,,,1,70,,8592,22,,,1,30,,8586,22,,,1,69,,8594,22,,,1,32,,8589,22,,,1,70,,8591,22,,,1,32,,8593,22,,,1,67,,8595,22,,,1,30,,8590,22,0,14,1
1200000200,'52',712,,8599,22,,,1,30,,8598,22,,,1,70,,8602,22,,,1,30,,8596,22,,,1,70,,8601,22,,,1,30,,8600,22,,,1,70,,8604,22,,,1,30,,8603,22,,,1,70,,8597,22,,,1,30,,8607,22,,,1,70,,8608,22,,,1,29,,8605,22,,,1,70,,8606,22,,,1,30,,8611,22,,,1,71,,8610,22,,,1,30,,8609,22,,,1,70,,8614,22,,,1,30,,8616,22,,,1,70,,8612,22,,,1,30,,8619,22,,,1,70,,8618,22,,,1,31,,8615,22,,,1,69,,8617,22,,,1,29,,8622,22,,,1,70,,8613,22,,,1,31,,8620,22,,,1,69,,8623,22,,,1,29,,8625,22,,,1,70,,8624,22,,,1,30,,8628,22,,,1,70,,8621,22,,,1,30,,8626,22,,,1,70,,8627,22,,,1
1200000200,'53',712,,8629,22,,,1,30,,8630,22,,,1,70,,8631,22,,,1,30,,8632,22,,,1,70,,8634,22,,,1,30,,8638,22,,,1,70,,8636,22,,,1,30,,8640,22,,,1,70,,8637,22,,,1,30,,8635,22,,,1,70,,8639,22,,,1,29,,8641,22,,,1,70,,8633,22,,,1,30,,8642,22,,,1,71,,8644,22,,,1,30,,8647,22,,,1,70,,8649,22,,,1,30,,8651,22,,,1,70,,8643,22,,,1,30,,8645,22,,,1,70,,8648,22,,,1,31,,8650,22,,,1,69,,8652,22,,,1,29,,8654,22,,,1,70,,8653,22,,,1,31,,8646,22,,,1,69,,8655,22,,,1
1200000400,'51',642,,9024,24,,,1,15,,9025,24,,,1,55,,9026,24,,,1,16,,9023,24,,,1
