21000,'51',1125,2,8336,1,,,2,79,,8337,1,,,2,45,2,8335,1,,,2,457,47,8340,1,,,2,30,2,8339,1,,,2,67,3,8338,1,,,2,42,3,8342,1,,,2,171,3,8341,1,,,2
21000,'52',1223,2,8343,1,,,2,133,2,8344,1,,,2,271,2,8345,1,,,2,31,2,8346,1,,,2,362,2,8347,1,,,2
21000,'53',1049,2,8348,1,,,2,103,2,8350,1,,,2,173,2,8349,1,,,2,102,2,8351,1,,,2,30,2,8352,1,,,2
21001,'51',555,,8353,30,4,,2,69,,8354,30,4,,2,16,,8355,30,4,,2,62,,8356,30,4,,2,1329,,8361,30,4,,2
21001,'52',635,,8362,30,4,,2,171,,8363,30,4,,2,302,,8364,30,4,,2,630,,8365,30,4,,2,70,,8366,30,4,,2
21001,'53',705,,8367,30,4,,2,30,,8368,30,4,,2,71,,8369,30,4,,2
1200000300,'51',558,3,8806,1,0,36 37,1,55,,8809,1,0,36 37,1,14,,8811,1,0,36 37,1,9,,8815,1,0,36 37,1,8,10,8808,1,0,36 37,1,8,,8816,1,0,36 37,1,49,,8817,1,0,36 37,1,10,9,8812,1,0,36 37,1,16,,8820,1,0,36 37,1,19,,8822,1,0,36 37,1,57,64,8807,1,0,36 37,1,15,14,8818,1,0,36 37,1,15,74,8810,1,0,36 37,1,15,14,8805,1,0,36 37,1,55,60,8813,1,0,36 37,1,16,18,8819,1,0,36 37,1,20,13,8821,1,0,36 37,1,20,,8824,1,0,36 37,1,60,10,8823,1,0,36 37,1,20,,8826,1,0,36 37,1,20,12,8814,1,0,36 37,1,60,,8828,1,0,36 37,1,22,,8830,1,0,36 37,1,60,58,8825,1,0,36 37,1,20,,8831,1,0,36 37,1,20,18,8827,1,0,36 37,1,18,2,8833,1,0,36 37,1,60,12,8829,1,0,36 37,1,19,2,8834,1,0,36 37,1,20,,8836,1,0,36 37,1,59,10,8832,1,0,36 37,1,25,2,8838,1,0,36 37,1,67,2,8840,1,0,36 37,1,27,10,8835,1,0,36 37,1,68,54,8837,1,0,36 37,1,31,8,8841,1,0,36 37,1,72,61,8839,1,0,36 37,1,34,11,8842,1,0,36 37,1,68,50,8844,1,0,36 37,1,27,20,8843,1,0,36 37,1,21,,8850,1,0,36 37,1,70,,8852,1,0,36 37,1,32,,8853,1,0,36 37,1,74,2,8855,1,0,36 37,1,26,16,8851,1,0,36 37,1,67,13,8849,1,0,36 37,1,30,14,8854,1,0,36 37,1,70,11,8847,1,0,36 37,1,26,6,8845,1,0,36 37,1,70,6,8848,1,0,36 37,1,28,6,8846,1,0,36 37,1
1200000300,'52',638,3,8856,1,0,36 37,1,70,,8860,1,0,36 37,1,30,,8862,1,0,36 37,1,71,3,8864,1,0,36 37,1,30,28,8857,1,0,36 37,1,70,68,8861,1,0,36 37,1,30,27,8863,1,0,36 37,1,71,66,8865,1,0,36 37,1,31,26,8858,1,0,36 37,1,70,3,8869,1,0,36 37,1,31,6,8859,1,0,36 37,1,70,62,8866,1,0,36 37,1,31,16,8867,1,0,36 37,1,70,61,8870,1,0,36 37,1,30,,8872,1,0,36 37,1,70,,8874,1,0,36 37,1,30,18,8868,1,0,36 37,1,70,58,8871,1,0,36 37,1,29,17,8873,1,0,36 37,1,70,57,8875,1,0,36 37,1,30,,8876,1,0,36 37,1,70,,8878,1,0,36 37,1,29,3,8879,1,0,36 37,1,70,3,8881,1,0,36 37,1,19,8,8877,1,0,36 37,1,95,8,8880,1,0,36 37,1,100,5,8882,1,0,36 37,1,96,3,8883,1,0,36 37,1,99,6,8884,1,0,36 37,1,137,8,8885,1,0,36 37,1
1200000300,'53',708,3,8886,1,0,36 37,1,30,3,8888,1,0,36 37,1,71,3,8891,1,0,36 37,1,30,,8893,1,0,36 37,1,70,68,8887,1,0,36 37,1,30,27,8889,1,0,36 37,1,71,66,8892,1,0,36 37,1,31,,8894,1,0,36 37,1,70,,8896,1,0,36 37,1,31,24,8890,1,0,36 37,1,70,,8898,1,0,36 37,1,31,22,8895,1,0,36 37,1,70,61,8897,1,0,36 37,1,30,,8900,1,0,36 37,1,70,59,8899,1,0,36 37,1,30,,8904,1,0,36 37,1,70,,8907,1,0,36 37,1,29,17,8901,1,0,36 37,1,70,,8909,1,0,36 37,1,30,17,8905,1,0,36 37,1,70,56,8908,1,0,36 37,1,29,14,8902,1,0,36 37,1,70,57,8910,1,0,36 37,1,19,8,8906,1,0,36 37,1,95,8,8903,1,0,36 37,1,117,24,8911,1,0,36 37,1
1200000301,'51',634,,8915,49,4,,1,68,,8920,49,4,,1,37,,8913,62,4,,1,20,,8917,62,4,,1,75,,8912,62,4,,1,67,,8927,60,4,,1,25,,8928,60,4,,1,25,,8914,60,4,,1,69,,8918,60,4,,1,27,,8922,60,4,,1,76,,8929,60,4,,1,20,,8931,60,4,,1,60,,8930,60,4,,1,20,,8933,60,4,,1,24,,8923,60,4,,1,60,,8935,60,4,,1,22,,8937,60,4,,1,18,,8932,60,4,,1,60,,8938,60,4,,1,20,,8934,60,4,,1,18,,8940,60,4,,1,61,,8936,60,4,,1,20,,8941,60,4,,1,24,,8942,60,4,,1,57,,8939,57,4,,1,16,,8944,57,4,,1,23,,8943,57,4,,1,58,,8952,57,4,,1,19,,8949,57,4,,1,11,,8951,57,4,,1,12,,8946,57,4,,1,54,,8945,57,4,,1,16,,8955,57,4,,1,14,,8953,57,4,,1,12,,8958,57,4,,1,8,,8948,57,4,,1,7,,8950,57,4,,1,53,,8947,57,4,,1,15,,8954,57,4,,1,24,,8957,60,4,,1,64,,8956,60,4,,1,30,,8966,60,4,,1,70,,8965,60,4,,1,29,,8967,60,4,,1,73,,8961,60,4,,1,31,,8959,47,4,,1,70,,8962,47,4,,1,28,,8960,47,4,,1,70,,8963,47,4,,1,39,,8964,47,4,,1
1200000301,'52',811,,8968,60,4,,1,30,,8972,60,4,,1,71,,8974,60,4,,1,32,,8976,60,4,,1,71,,8969,60,4,,1,32,,8973,60,4,,1,71,,8975,60,4,,1,32,,8977,60,4,,1,71,,8970,60,4,,1,31,,8981,60,4,,1,71,,8971,60,4,,1,31,,8978,60,4,,1,71,,8979,60,4,,1,30,,8982,60,4,,1,70,,8984,60,4,,1,30,,8986,60,4,,1,70,,8980,60,4,,1,31,,8983,60,4,,1,71,,8985,60,4,,1,27,,8987,60,4,,1,68,,8988,60,4,,1,28,,8989,60,4,,1,67,,8990,60,4,,1,26,,8992,60,4,,1,75,,8991,47,4,,1,100,,8993,47,4,,1,96,,8994,47,4,,1,98,,8995,47,4,,1,37,,8996,47,4,,1,102,,8997,47,4,,1
1200000301,'53',841,,8998,60,4,,1,71,,9000,60,4,,1,32,,9003,60,4,,1,71,,9005,60,4,,1,32,,8999,60,4,,1,71,,9001,60,4,,1,32,,9004,60,4,,1,71,,9006,60,4,,1,31,,9008,60,4,,1,71,,9002,60,4,,1,31,,9010,60,4,,1,71,,9007,60,4,,1,30,,9009,60,4,,1,70,,9012,60,4,,1,30,,9011,60,4,,1,70,,9015,60,4,,1,31,,9017,60,4,,1,71,,9013,60,4,,1,27,,9019,60,4,,1,68,,9016,60,4,,1,28,,9018,60,4,,1,67,,9014,60,4,,1,26,,9020,60,4,,1,75,,9021,47,4,,1,121,,9022,47,4,,1
