1100,'51',553,,7806,3,,,1,73,,7810,3,,,1,28,,7807,3,,,1,74,,7811,3,,,1,30,,7808,3,,,1,58,,7812,3,,,1,30,,7814,3,,,1,74,,7813,3,,,1,30,,7815,3,,,1,75,,7818,3,,,1,30,,7816,3,,,1,73,,7819,3,,,1,30,,7817,3,,,1,77,,7820,3,,,1,70,,7821,3,,,1,48,,7822,3,,,1,70,,7824,3,,,1,35,,7823,3,,,1,70,,7825,3,,,1,80,,7827,4,,,1,28,,7826,3,,,1,22,,7829,3,,,1,66,,7828,3,,,1,76,,7830,3,,,1,28,,7832,3,,,1,30,,7831,3,,,1,100,,7833,3,,,1,100,,7834,3,,,1,100,,7835,3,,,1,100,,7836,3,,,1
1100,'52',655,,7837,3,,,1,101,,7838,3,,,1,101,,7839,3,,,1,101,,7840,3,,,1,100,,7841,3,,,1,100,,7842,3,,,1,101,,7843,3,,,1,99,,7844,3,,,1,100,,7845,3,,,1,100,,7846,3,,,1,100,,7847,3,,,1,100,,7848,3,,,1,100,,7849,3,,,1,100,,7850,3,,,1,100,,7852,3,,,1,100,,7853,3,,,1,100,,7851,3,,,1
1100,'53',857,,7854,3,,,1,101,,7855,3,,,1,100,,7856,3,,,1,100,,7857,3,,,1,101,,7858,3,,,1,99,,7859,3,,,1,100,,7860,3,,,1,100,,7861,3,,,1,100,,7862,3,,,1,100,,7863,3,,,1
1301,'51',646,,7876,11,,,2,84,,7877,11,,,2,73,,7875,11,,,2,806,,7880,11,,,2,16,,7878,11,,,2,80,,7881,11,,,2,30,,7879,11,,,2
11501,'63',1613,,8294,4,,,2
12501,'63',1608,,8298,4,,,2
12601,'63',1616,,8300,4,,,2
12701,'63',1608,,8302,4,,,2
13601,'63',1614,,8309,4,,,2
13801,'63',1609,,8312,4,,,2
15601,'63',1610,,8317,4,,,2
22501,'63',1617,,8375,4,,,2
23501,'63',1612,,8383,4,,,2
23601,'63',1612,,8385,4,0,51 1 52,2
24501,'63',1613,,8391,4,,,2
32501,'63',1608,,8399,4,,,2
34501,'63',1609,,8401,4,,,2
35501,'63',1613,,8406,4,0,9 1 43,2
37501,'63',1617,,8408,4,,,2
38501,'63',1616,,8418,4,,,2
1001101,'51',555,,8427,3,,,1,69,,8424,3,,,1,30,,8428,3,,,1,72,,8425,3,,,1,24,,8421,3,,,1,81,,8426,3,,,1,26,,8422,3,0,12 13,1,58,,8430,3,,,1,30,,8429,3,,,1,75,,8431,3,,,1,30,,8435,3,,,1,75,,8432,3,,,1,30,,8436,3,,,1,73,,8433,3,,,1,30,,8440,3,,,1,77,,8434,3,,,1,70,,8442,3,,,1,48,,8437,3,,,1,70,,8438,3,,,1,85,,8441,3,,,1,26,,8439,3,,,1,23,,8443,3,,,1,67,,8445,3,,,1,34,,8444,3,,,1,69,,8446,3,,,1,31,,8447,3,,,1,100,,8448,3,,,1,100,,8449,3,,,1,100,,8450,3,,,1,100,,8451,3,0,12 13,1
1001101,'52',755,,8453,3,,,1,101,,8454,3,,,1,101,,8455,3,,,1,100,,8456,3,,,1,98,,8457,3,,,1,100,,8460,3,,,1,101,,8458,3,,,1,100,,8459,3,,,1,100,,8461,3,,,1,100,,8462,3,,,1,101,,8463,3,,,1,100,,8464,3,,,1,100,,8465,3,,,1,100,,8466,3,,,1,100,,8467,3,,,1,100,,8468,3,0,12 13,1
1001101,'53',957,,8472,3,,,1,100,,8469,3,,,1,98,,8470,3,,,1,100,,8473,3,,,1,101,,8474,3,,,1,100,,8475,3,,,1,100,,8476,3,,,1,100,,8477,3,,,1,101,,8478,3,,,1
