20000,'51',836,,8323,1,,,2,70,,8321,1,,,2,27,,8320,1,,,2,69,,8322,1,,,2
20001,'51',1503,,8330,21,4,,2,33,,8331,21,4,,2
20001,'52',648,,8332,21,4,,2,70,,8334,21,4,,2
5002300,'51',700,,8479,60,4,,2,33,,8481,60,4,,2,69,,8482,60,4,,2,30,,8480,60,4,,2
5002301,'51',1526,,8486,1,,,2,81,,8484,1,,,2,30,6,8483,1,,,2,163,56,8485,1,,,2
5002400,'51',733,,8489,36,4,,2,67,,8487,36,4,,2,30,,8488,36,4,,2
5002401,'51',1527,,8492,1,,,2,81,,8490,1,,,2,30,,8491,1,,,2
5003400,'51',706,,8494,38,4,,2,23,,8493,38,4,,2
5003401,'51',1558,,8495,1,,,2
5003600,'51',728,,8496,26,4,,2,27,,8497,21,4,,2
5003601,'51',1524,18,8498,1,,,2,79,49,8499,1,,,2,25,,8500,1,,,2
5003700,'51',711,,8501,73,4,,2,17,,8502,66,4,,2,77,,8504,66,4,,2,30,,8505,66,4,,2,68,,8503,73,4,,2
5003701,'51',1522,,8507,1,,,2,104,,8506,1,,,2,126,,8508,1,,,2
5003801,'51',1603,46,8510,1,,,2,52,,8509,1,,,2
1200000200,'51',610,,8533,33,4,,1,15,,8531,55,4,,1,19,,8535,55,4,,1,10,,8539,33,4,,1,49,,8537,55,4,,1,9,,8542,33,4,,1,9,,8538,55,4,,1,18,,8540,55,4,,1,18,,8544,55,4,,1,55,,8530,55,4,,1,15,,8545,55,4,,1,15,,8534,55,4,,1,12,,8541,55,4,,1,52,,8532,55,4,,1,13,,8543,55,4,,1,15,,8536,55,4,,1,12,,8549,55,4,,1,57,,8548,55,4,,1,18,,8551,55,4,,1,14,,8547,55,4,,1,15,,8546,55,4,,1,55,,8552,55,4,,1,15,,8554,55,4,,1,15,,8555,55,4,,1,15,,8556,55,4,,1,55,,8550,55,4,,1,15,,8557,55,4,,1,15,,8558,55,4,,1,15,,8559,55,4,,1,56,,8560,55,4,,1,15,,8561,55,4,,1,15,,8553,55,4,,1,15,,8562,55,4,,1,54,,8564,55,4,,1,15,,8565,55,4,,1,15,,8566,55,4,,1,22,,8563,55,4,,1,53,,8568,55,4,,1,16,,8571,55,4,,1,15,,8572,55,4,,1,16,,8574,55,4,,1,52,,8567,55,4,,1,14,,8575,55,4,,1,15,,8570,55,4,,1,16,,8577,55,4,,1,49,,8581,42,4,,1,8,,8579,55,4,,1,11,,8583,55,4,,1,15,,8569,55,4,,1,15,,8582,55,4,,1,54,,8584,55,4,,1,14,,8573,55,4,,1,14,,8576,55,4,,1,14,,8578,55,4,,1,55,,8585,55,4,,1,14,,8580,55,4,,1,30,,8588,55,4,,1,70,,8587,55,4,,1,30,,8592,55,4,,1,70,,8586,55,4,,1,29,,8594,55,4,,1,72,,8589,55,4,,1,28,,8591,55,4,,1,72,,8593,55,4,,1,26,,8595,55,4,,1
1200000200,'52',747,,8599,55,4,,1,71,,8598,55,4,,1,31,,8602,55,4,,1,70,,8596,55,4,,1,30,,8601,55,4,,1,70,,8600,55,4,,1,30,,8604,55,4,,1,70,,8603,55,4,,1,30,,8597,55,4,,1,72,,8607,55,4,,1,30,,8608,55,4,,1,70,,8605,55,4,,1,30,,8606,55,4,,1,71,,8611,55,4,,1,30,,8610,55,4,,1,69,,8609,55,4,,1,30,,8614,55,4,,1,72,,8616,55,4,,1,30,,8612,55,4,,1,70,,8619,55,4,,1,30,,8618,55,4,,1,68,,8615,55,4,,1,27,,8617,55,4,,1,68,,8622,55,4,,1,30,,8613,55,4,,1,71,,8620,55,4,,1,29,,8623,55,4,,1,69,,8625,55,4,,1,30,,8624,55,4,,1,70,,8628,55,4,,1,30,,8621,55,4,,1,70,,8626,55,4,,1,30,,8627,55,4,,1
1200000200,'53',747,,8629,55,4,,1,71,,8630,55,4,,1,31,,8631,55,4,,1,70,,8632,55,4,,1,30,,8634,55,4,,1,70,,8638,55,4,,1,30,,8636,55,4,,1,70,,8640,55,4,,1,30,,8637,55,4,,1,72,,8635,55,4,,1,30,,8639,55,4,,1,70,,8641,55,4,,1,30,,8633,55,4,,1,71,,8642,55,4,,1,30,,8644,55,4,,1,69,,8647,55,4,,1,30,,8649,55,4,,1,72,,8651,55,4,,1,30,,8643,55,4,,1,70,,8645,55,4,,1,30,,8648,55,4,,1,68,,8650,55,4,,1,27,,8652,55,4,,1,68,,8654,55,4,,1,30,,8653,55,4,,1,71,,8646,55,4,,1,29,,8655,55,4,,1
1200000200,'69',736,,8656,33,4,,1,87,,8657,33,4,,1
1200000201,'51',610,,8663,1,0,29,1,15,,8661,1,0,29,1,19,,8665,1,0,29,1,10,,8671,1,0,29,1,49,,8668,1,0,29,1,8,,8660,1,0,29,1,10,,8670,1,0,29,1,18,,8673,1,0,29,1,18,,8679,1,0,29,1,55,,8659,1,0,29,1,15,,8681,1,0,29,1,15,,8664,1,0,29,1,12,,8675,1,0,29,1,52,,8662,1,0,29,1,13,,8678,1,0,29,1,15,,8666,1,0,29,1,12,,8685,1,0,29,1,57,,8684,1,0,29,1,18,,8687,1,0,29,1,14,,8683,1,0,29,1,15,,8682,1,0,29,1,55,,8688,1,0,29,1,15,,8690,1,0,29,1,15,,8691,1,0,29,1,15,,8692,1,0,29,1,55,,8686,1,0,29,1,15,,8693,1,0,29,1,15,,8694,1,0,29,1,15,,8695,1,0,29,1,56,,8696,1,0,29,1,15,,8697,1,0,29,1,15,,8689,1,0,29,1,15,,8698,1,0,29,1,54,,8700,1,0,29,1,15,,8701,1,0,29,1,15,,8702,1,0,29,1,17,,8706,1,0,29,1,5,,8699,1,0,29,1,53,,8704,1,0,29,1,16,,8709,1,0,29,1,15,,8710,1,0,29,1,16,,8712,1,0,29,1,52,,8703,1,0,29,1,14,,8714,1,0,29,1,15,,8708,1,0,29,1,16,,8716,1,0,29,1,57,,8718,1,0,29,1,11,,8720,1,0,29,1,15,,8707,1,0,29,1,18,,8705,1,0,29,1,1,31,8713,1,0,29,1,50,,8721,1,0,29,1,14,,8711,1,0,29,1,14,,8715,1,0,29,1,14,,8717,1,0,29,1,55,,8722,1,0,29,1,14,,8719,1,0,29,1,20,,8723,1,0,29,1,70,,8724,1,0,29,1,32,,8726,1,0,29,1,73,,8728,1,0,29,1,34,,8730,1,0,29,1,72,,8725,1,0,29,1,28,,8727,1,0,29,1,72,,8729,1,0,29,1,26,,8731,1,0,29,1
1200000201,'52',648,,8732,1,0,29,1,70,,8740,1,0,29,1,29,,8738,1,0,29,1,71,,8736,1,0,29,1,31,,8742,1,0,29,1,70,,8733,1,0,29,1,30,,8741,1,0,29,1,70,,8739,1,0,29,1,30,,8744,1,0,29,1,70,,8743,1,0,29,1,30,,8734,1,0,29,1,72,,8747,1,0,29,1,30,,8748,1,0,29,1,70,,8745,1,0,29,1,30,,8746,1,0,29,1,71,,8751,1,0,29,1,30,,8750,1,0,29,1,69,,8749,1,0,29,1,30,,8754,1,0,29,1,72,,8756,1,0,29,1,30,,8752,1,0,29,1,70,,8759,1,0,29,1,30,,8758,1,0,29,1,68,,8755,1,0,29,1,27,,8757,1,0,29,1,68,,8762,1,0,29,1,30,,8753,1,0,29,1,71,,8760,1,0,29,1,29,,8763,1,0,29,1,69,,8765,1,0,29,1,30,,8764,1,0,29,1,70,,8768,1,0,29,1,30,,8761,1,0,29,1,70,,8766,1,0,29,1,30,,8767,1,0,29,1
1200000201,'53',747,,8770,1,0,29,1,71,,8772,1,0,29,1,31,,8774,1,0,29,1,70,,8776,1,0,29,1,30,,8778,1,0,29,1,70,,8782,1,0,29,1,30,,8780,1,0,29,1,70,,8784,1,0,29,1,30,,8781,1,0,29,1,72,,8779,1,0,29,1,30,,8783,1,0,29,1,70,,8785,1,0,29,1,30,,8777,1,0,29,1,71,,8786,1,0,29,1,30,,8788,1,0,29,1,69,,8791,1,0,29,1,30,,8793,1,0,29,1,72,,8795,1,0,29,1,30,,8787,1,0,29,1,70,,8789,1,0,29,1,30,,8792,1,0,29,1,68,,8794,1,0,29,1,27,,8796,1,0,29,1,68,,8798,1,0,29,1,30,,8797,1,0,29,1,71,,8790,1,0,29,1,29,,8799,1,0,29,1
1200000201,'69',1523,,8803,1,0,29,1,17,,8804,1,0,29,1
1200000300,'51',638,,8806,51,4,,1,18,,8809,51,4,,1,59,,8811,51,4,,1,13,,8815,51,4,,1,10,,8808,51,4,,1,10,,8816,51,4,,1,10,,8817,51,4,,1,49,,8812,51,4,,1,15,,8820,51,4,,1,14,,8822,51,4,,1,14,,8807,51,4,,1,56,,8818,53,4,,1,14,,8810,53,4,,1,13,,8805,53,4,,1,14,,8813,53,4,,1,55,,8819,53,4,,1,21,,8821,53,4,,1,20,,8824,53,4,,1,60,,8823,53,4,,1,20,,8826,53,4,,1,20,,8814,53,4,,1,60,,8828,53,4,,1,22,,8830,53,4,,1,20,,8825,53,4,,1,60,,8831,53,4,,1,20,,8827,53,4,,1,18,,8833,53,4,,1,60,,8829,53,4,,1,19,,8834,53,4,,1,20,,8836,53,4,,1,59,,8832,53,4,,1,26,,8838,53,4,,1,31,,8840,55,4,,1,68,,8835,55,4,,1,29,,8837,55,4,,1,70,,8841,55,4,,1,30,,8839,55,4,,1,73,,8842,55,4,,1,23,,8844,53,4,,1,65,,8843,53,4,,1,21,,8850,53,4,,1,70,,8852,53,4,,1,32,,8853,53,4,,1,73,,8855,53,4,,1
1200000300,'52',718,,8856,53,4,,1,30,,8860,53,4,,1,71,,8862,53,4,,1,31,,8864,53,4,,1,70,,8857,53,4,,1,31,,8861,53,4,,1,69,,8863,53,4,,1,31,,8865,53,4,,1,71,,8858,53,4,,1,31,,8869,53,4,,1,71,,8859,53,4,,1,30,,8866,53,4,,1,71,,8867,53,4,,1,30,,8870,53,4,,1,70,,8872,53,4,,1,30,,8874,53,4,,1,70,,8868,53,4,,1,30,,8871,53,4,,1,71,,8873,53,4,,1,28,,8875,53,4,,1,70,,8876,53,4,,1,30,,8878,53,4,,1,68,,8879,53,4,,1,29,,8881,53,4,,1
1200000300,'53',748,,8886,53,4,,1,71,,8888,53,4,,1,31,,8891,53,4,,1,70,,8893,53,4,,1,31,,8887,53,4,,1,69,,8889,53,4,,1,31,,8892,53,4,,1,71,,8894,53,4,,1,31,,8896,53,4,,1,71,,8890,53,4,,1,30,,8898,53,4,,1,71,,8895,53,4,,1,30,,8897,53,4,,1,70,,8900,53,4,,1,30,,8899,53,4,,1,70,,8904,53,4,,1,30,,8907,53,4,,1,71,,8901,53,4,,1,28,,8909,53,4,,1,70,,8905,53,4,,1,30,,8908,53,4,,1,68,,8902,53,4,,1,29,,8910,53,4,,1
1200000301,'51',638,,8913,1,,,1,18,,8917,1,,,1,72,,8912,1,,,1,27,,8927,1,,,1,67,,8928,1,,,1,28,,8914,1,,,1,70,,8918,1,,,1,27,,8922,1,,,1,76,,8929,1,,,1,20,,8931,1,,,1,60,,8930,1,,,1,20,,8933,1,,,1,20,,8923,1,,,1,60,,8935,1,,,1,22,,8937,1,,,1,20,,8932,1,,,1,60,,8938,1,,,1,20,,8934,1,,,1,18,,8940,1,,,1,60,,8936,1,,,1,19,,8941,1,,,1,20,,8942,1,,,1,59,,8939,1,,,1,14,12,8944,1,,,1,12,,8943,1,,,1,22,13,8952,1,,,1,59,3,8949,1,,,1,13,18,8951,1,,,1,16,20,8946,1,,,1,17,10,8945,1,,,1,58,11,8955,1,,,1,13,,8953,1,,,1,19,26,8958,1,,,1,8,28,8948,1,,,1,48,56,8950,1,,,1,15,10,8947,1,,,1,13,,8954,1,,,1,23,,8957,1,,,1,65,,8956,1,,,1,31,,8966,1,,,1,70,,8965,1,,,1,30,,8967,1,,,1,70,,8961,1,,,1
1200000301,'52',718,,8968,1,,,1,30,,8972,1,,,1,71,,8974,1,,,1,31,,8976,1,,,1,70,,8969,1,,,1,31,,8973,1,,,1,69,,8975,1,,,1,31,,8977,1,,,1,71,,8970,1,,,1,31,,8981,1,,,1,71,,8971,1,,,1,30,,8978,1,,,1,71,,8979,1,,,1,30,,8982,1,,,1,70,,8984,1,,,1,30,,8986,1,,,1,70,,8980,1,,,1,30,,8983,1,,,1,71,,8985,1,,,1,28,,8987,1,,,1,70,,8988,1,,,1,30,,8989,1,,,1,68,,8990,1,,,1,29,,8992,1,,,1
1200000301,'53',748,,8998,1,,,1,71,,9000,1,,,1,31,,9003,1,,,1,70,,9005,1,,,1,31,,8999,1,,,1,69,,9001,1,,,1,31,,9004,1,,,1,71,,9006,1,,,1,31,,9008,1,,,1,71,,9002,1,,,1,30,,9010,1,,,1,71,,9007,1,,,1,30,,9009,1,,,1,70,,9012,1,,,1,30,,9011,1,,,1,70,,9015,1,,,1,30,,9017,1,,,1,71,,9013,1,,,1,28,,9019,1,,,1,70,,9016,1,,,1,30,,9018,1,,,1,68,,9014,1,,,1,29,,9020,1,,,1
1200000400,'51',730,,9024,57,4,,1,18,,9025,57,4,,1,56,,9026,57,4,,1,15,,9023,57,4,,1
1200000401,'51',1609,53,9031,1,,,1,31,,9034,1,,,1,63,,9035,1,,,1
