13800,'12',836,,6237,17,,,2
34500,'12',835,,6305,42,,,2
35500,'12',839,,6308,63,,,2
1200000100,'1',651,,7141,70,0,34 35 6 31,1,72,,7142,70,0,34 35 6 31,1,21,,7143,70,0,34 35 6 31,1,69,,7146,70,0,16 1 17,1,30,,7144,70,0,34 35 6 31,1
1200000201,'1',628,,7262,25,0,29,1,79,,7265,37,0,29,1,15,,7264,37,0,29,1,20,,7269,37,0,29,1,62,,7271,37,0,29,1,20,,7273,37,0,29,1,20,,7276,37,0,29,1,15,,7277,37,0,29,1,56,,7263,37,0,29,1,13,,7280,37,0,29,1,14,,7268,37,0,29,1,11,,7266,37,0,29,1,52,,7275,37,0,29,1,12,,7281,37,0,29,1,14,,7278,37,0,29,1,17,,7282,37,0,29,1,70,,7284,37,0,29,1,29,,7286,37,0,29,1,70,,7267,37,0,29,1,32,,7287,37,0,29,1,70,,7283,37,0,29,1,30,,7285,37,0,29,1,71,,7289,37,0,29,1,30,,7290,37,0,29,1,70,,7288,37,0,29,1,39,,7292,37,0,29,1,67,,7294,37,0,29,1,18,,7297,37,0,29,1,57,,7295,37,0,29,1,17,,7296,37,0,29,1,12,,7293,37,0,29,1,11,,7298,37,0,29,1,12,,7299,37,0,29,1,54,,7301,37,0,29,1,13,,7291,37,0,29,1,9,,7304,37,0,29,1,13,,7305,37,0,29,1,13,,7308,37,0,29,1,52,,7309,37,0,29,1,13,,7303,37,0,29,1,24,,7302,37,0,29,1,66,,7300,37,0,29,1,19,,7310,37,0,29,1,28,,7311,37,0,29,1,72,,7306,37,0,29,1,75,,7313,37,0,29,1,28,,7315,37,0,29,1,71,,7312,37,0,29,1,27,,7307,37,0,29,1,71,,7314,37,0,29,1,46,,7316,37,0,29,1
1200000201,'14',1703,,7317,31,0,29,1
1200000201,'2',659,,7321,25,0,29,1,79,,7318,37,0,29,1,70,,7326,37,0,29,1,31,,7324,37,0,29,1,71,,7322,37,0,29,1,31,,7328,37,0,29,1,72,,7319,37,0,29,1,31,,7327,37,0,29,1,71,,7325,37,0,29,1,32,,7330,37,0,29,1,70,,7329,37,0,29,1,31,,7320,37,0,29,1,72,,7332,37,0,29,1,31,,7334,37,0,29,1,70,,7331,37,0,29,1,30,,7336,37,0,29,1,71,,7337,37,0,29,1,30,,7333,37,0,29,1,69,,7335,37,0,29,1,31,,7339,37,0,29,1,72,,7341,37,0,29,1,29,,7338,37,0,29,1,66,,7343,37,0,29,1,28,,7344,37,0,29,1,65,,7340,37,0,29,1,25,,7342,37,0,29,1,67,,7348,37,0,29,1,29,,7347,37,0,29,1,71,,7345,37,0,29,1,27,,7349,37,0,29,1,28,,7351,37,0,29,1,69,,7350,37,0,29,1,30,,7353,37,0,29,1,70,,7346,37,0,29,1,29,,7352,37,0,29,1,89,,7354,37,0,29,1
1200000201,'27',2244,,7355,30,0,29,1,70,,7358,30,0,29,1,29,,7356,30,0,29,1,83,,7359,30,0,29,1,28,,7361,30,0,29,1,70,,7357,30,0,29,1,30,,7360,30,0,29,1
1200000201,'28',2242,,7362,30,0,29,1,70,,7365,30,0,29,1,30,,7363,30,0,29,1,83,,7366,30,0,29,1,28,,7368,30,0,29,1,70,,7364,30,0,29,1,30,,7367,30,0,29,1
1200000201,'29',2242,,7369,30,0,29,1,70,,7372,30,0,29,1,30,,7370,30,0,29,1,83,,7373,30,0,29,1,28,,7375,30,0,29,1,70,,7371,30,0,29,1,30,,7374,30,0,29,1
1200000201,'3',839,,7377,37,0,29,1,71,,7379,37,0,29,1,31,,7381,37,0,29,1,71,,7383,37,0,29,1,32,,7384,37,0,29,1,71,,7388,37,0,29,1,32,,7386,37,0,29,1,70,,7390,37,0,29,1,31,,7387,37,0,29,1,72,,7385,37,0,29,1,31,,7389,37,0,29,1,70,,7392,37,0,29,1,30,,7391,37,0,29,1,71,,7393,37,0,29,1,30,,7395,37,0,29,1,69,,7397,37,0,29,1,31,,7400,37,0,29,1,72,,7402,37,0,29,1,29,,7394,37,0,29,1,66,,7396,37,0,29,1,28,,7398,37,0,29,1,65,,7401,37,0,29,1,25,,7403,37,0,29,1,67,,7405,37,0,29,1,29,,7404,37,0,29,1,71,,7399,37,0,29,1,27,,7406,37,0,29,1
1200000401,'1',1724,,7635,37,,,1,22,,7633,37,,,1
