1100,'51',612,,7809,11,,,1,25,,7806,84,,,1,75,,7810,84,,,1,30,,7807,84,,,1,74,,7811,84,,,1,30,,7808,84,,,1,58,,7812,84,,,1,29,,7814,84,,,1,74,,7813,84,,,1,30,,7815,84,,,1,75,,7818,84,,,1,30,,7816,84,,,1,73,,7819,84,,,1,30,,7817,84,,,1,77,,7820,84,,,1,30,,7821,84,,,1,88,,7822,84,,,1,71,,7824,84,,,1,36,,7823,84,,,1,72,,7825,84,,,1,81,,7827,85,,,1,22,,7826,84,,,1,22,,7829,84,,,1,66,,7828,84,,,1,34,,7830,84,,,1,68,,7832,84,,,1,30,,7831,84,,,1,100,,7833,84,,,1,100,,7834,84,,,1,99,,7835,84,,,1,100,,7836,84,,,1
1100,'52',742,,7837,84,,,1,102,,7838,84,,,1,99,,7839,84,,,1,102,,7840,84,,,1,100,,7841,84,,,1,100,,7842,84,,,1,101,,7843,84,,,1,99,,7844,84,,,1,100,,7845,84,,,1,100,,7846,84,,,1,99,,7847,84,,,1,99,,7848,84,,,1,98,,7849,84,,,1,100,,7850,84,,,1,100,,7852,84,,,1,100,,7853,84,,,1,100,,7851,84,,,1
1100,'53',943,,7854,84,,,1,102,,7855,84,,,1,100,,7856,84,,,1,100,,7857,84,,,1,101,,7858,84,,,1,99,,7859,84,,,1,100,,7860,84,,,1,100,,7861,84,,,1,99,,7862,84,,,1,99,,7863,84,,,1
1500,'51',607,,7883,38,0,29,2,33,,7885,38,0,29,2,69,,7887,38,0,29,2,21,,7884,41,0,29,2,80,,7886,41,0,29,2,41,,7888,41,0,10 11,2,151,,7889,38,0,12 13,2,100,,7890,38,0,12 13,2,100,,7891,41,0,12 13,2,101,,7892,37,0,12 13,2
1500,'67',850,,7893,26,0,10 11,2
1600,'51',1359,,7909,22,0,12 13,2,96,,7910,22,0,12 13,2,76,,7911,22,0,29,2,25,,7913,7,0,29,2,75,,7912,25,0,29,2,78,,7916,25,0,29,2,27,,7914,25,0,29,2,99,,7917,25,0,12 13,2,108,,7915,22,0,12 13,2,106,,7918,22,0,12 13,2
13500,'62',836,,8307,14,,,2
13600,'62',834,,8308,12,,,2
13900,'67',852,,8313,12,,,2
15500,'62',837,,8315,21,,,2
15600,'62',835,,8316,24,,,2
1200000101,'51',1530,,8526,27,,,1,71,,8527,27,,,1,30,,8528,27,,,1,73,,8529,27,,,1
2000001500,'52',755,,9066,38,,,2,101,,9067,37,,,2,100,,9068,37,,,2,94,,9069,37,,,2,109,,9070,37,,,2,141,,9071,37,,,2,151,,9072,38,,,2,102,,9073,37,,,2,96,,9074,37,,,2,106,,9075,37,,,2,96,,9076,37,,,2
2000001500,'53',856,,9077,38,,,2,100,,9078,37,,,2,94,,9079,37,,,2,109,,9080,37,,,2,141,,9081,37,,,2,151,,9082,38,,,2,102,,9083,37,,,2,96,,9084,37,,,2,106,,9085,37,,,2,96,,9086,37,,,2
