32500,'12',824,,6304,38,,,2
34500,'12',821,,6305,28,,,2
35500,'12',826,,6308,49,,,2
1200000100,'1',638,,7141,56,0,34 35 6 31,1,70,,7142,56,0,34 35 6 31,1,21,,7143,56,0,34 35 6 31,1,30,,7146,56,0,16 1 17,1,70,,7144,56,0,34 35 6 31,1
1200000201,'1',615,,7262,11,0,29,1,37,,7265,23,0,29,1,55,,7264,23,0,29,1,20,,7269,23,0,29,1,23,,7271,23,0,29,1,60,,7273,23,0,29,1,20,,7276,23,0,29,1,15,,7277,23,0,29,1,56,,7263,23,0,29,1,14,,7280,23,0,29,1,14,,7268,23,0,29,1,11,,7266,23,0,29,1,12,,7275,23,0,29,1,52,,7281,23,0,29,1,14,,7278,23,0,29,1,17,,7282,23,0,29,1,70,,7284,23,0,29,1,29,,7286,23,0,29,1,70,,7267,23,0,29,1,32,,7287,23,0,29,1,70,,7283,23,0,29,1,30,,7285,23,0,29,1,71,,7289,23,0,29,1,30,,7290,23,0,29,1,69,,7288,23,0,29,1,38,,7292,23,0,29,1,67,,7294,23,0,29,1,18,,7297,23,0,29,1,17,,7295,23,0,29,1,57,,7296,23,0,29,1,12,,7293,23,0,29,1,11,,7298,23,0,29,1,13,,7299,23,0,29,1,14,,7301,23,0,29,1,54,,7291,23,0,29,1,9,,7304,23,0,29,1,13,,7305,23,0,29,1,13,,7308,23,0,29,1,12,,7309,23,0,29,1,53,,7303,23,0,29,1,24,,7302,23,0,29,1,26,,7300,23,0,29,1,59,,7310,23,0,29,1,29,,7311,23,0,29,1,72,,7306,23,0,29,1,35,,7313,23,0,29,1,68,,7315,23,0,29,1,31,,7312,23,0,29,1,67,,7307,23,0,29,1,31,,7314,23,0,29,1,86,,7316,23,0,29,1
1200000201,'14',1648,,7317,17,0,29,1
1200000201,'2',646,,7321,11,0,29,1,79,,7318,23,0,29,1,30,,7326,23,0,29,1,71,,7324,23,0,29,1,31,,7322,23,0,29,1,71,,7328,23,0,29,1,31,,7319,23,0,29,1,71,,7327,23,0,29,1,71,,7325,23,0,29,1,32,,7330,23,0,29,1,70,,7329,23,0,29,1,31,,7320,23,0,29,1,72,,7332,23,0,29,1,31,,7334,23,0,29,1,70,,7331,23,0,29,1,30,,7336,23,0,29,1,71,,7337,23,0,29,1,30,,7333,23,0,29,1,69,,7335,23,0,29,1,31,,7339,23,0,29,1,72,,7341,23,0,29,1,29,,7338,23,0,29,1,67,,7343,23,0,29,1,29,,7344,23,0,29,1,65,,7340,23,0,29,1,25,,7342,23,0,29,1,27,,7348,23,0,29,1,69,,7347,23,0,29,1,31,,7345,23,0,29,1,67,,7349,23,0,29,1,28,,7351,23,0,29,1,70,,7350,23,0,29,1,30,,7353,23,0,29,1,70,,7346,23,0,29,1,29,,7352,23,0,29,1,89,,7354,23,0,29,1
1200000201,'27',2232,,7355,16,0,29,1,70,,7358,16,0,29,1,29,,7356,16,0,29,1,83,,7359,16,0,29,1,28,,7361,16,0,29,1,70,,7357,16,0,29,1,30,,7360,16,0,29,1
1200000201,'28',2231,,7362,16,0,29,1,70,,7365,16,0,29,1,30,,7363,16,0,29,1,83,,7366,16,0,29,1,28,,7368,16,0,29,1,70,,7364,16,0,29,1,30,,7367,16,0,29,1
1200000201,'29',2231,,7369,16,0,29,1,70,,7372,16,0,29,1,30,,7370,16,0,29,1,83,,7373,16,0,29,1,28,,7375,16,0,29,1,70,,7371,16,0,29,1,30,,7374,16,0,29,1
1200000201,'3',826,,7377,23,0,29,1,31,,7379,23,0,29,1,71,,7381,23,0,29,1,31,,7383,23,0,29,1,71,,7384,23,0,29,1,71,,7388,23,0,29,1,32,,7386,23,0,29,1,70,,7390,23,0,29,1,31,,7387,23,0,29,1,72,,7385,23,0,29,1,31,,7389,23,0,29,1,70,,7392,23,0,29,1,30,,7391,23,0,29,1,71,,7393,23,0,29,1,30,,7395,23,0,29,1,69,,7397,23,0,29,1,31,,7400,23,0,29,1,72,,7402,23,0,29,1,29,,7394,23,0,29,1,67,,7396,23,0,29,1,29,,7398,23,0,29,1,65,,7401,23,0,29,1,25,,7403,23,0,29,1,27,,7405,23,0,29,1,69,,7404,23,0,29,1,31,,7399,23,0,29,1,67,,7406,23,0,29,1
1200000401,'1',1709,,7635,23,,,1,23,,7633,23,,,1
2000000200,'1',639,,7649,1,,,2,70,2,7650,1,,,2,30,2,7651,1,,,2,70,2,7652,1,,,2,800,2,7653,1,,,2,30,2,7654,1,,,2,70,2,7655,1,,,2,30,2,7656,1,,,2
2000000200,'12',835,,7657,1,,,2
