34500,'12',814,,6305,18,,,2
35500,'12',824,,6308,47,,,2
1200000100,'1',636,,7141,54,0,34 35 6 31,1,70,,7142,54,0,34 35 6 31,1,21,,7143,54,0,34 35 6 31,1,30,,7146,54,0,16 1 17,1,70,,7144,54,0,34 35 6 31,1
1200000201,'1',613,,7262,9,0,29,1,37,,7265,21,0,29,1,55,,7264,21,0,29,1,20,,7269,21,0,29,1,23,,7271,21,0,29,1,60,,7273,21,0,29,1,20,,7276,21,0,29,1,15,,7277,21,0,29,1,16,,7263,21,0,29,1,54,,7280,21,0,29,1,14,,7268,21,0,29,1,11,,7266,21,0,29,1,12,,7275,21,0,29,1,52,,7281,21,0,29,1,14,,7278,21,0,29,1,17,,7282,21,0,29,1,70,,7284,21,0,29,1,29,,7286,21,0,29,1,70,,7267,21,0,29,1,32,,7287,21,0,29,1,70,,7283,21,0,29,1,30,,7285,21,0,29,1,71,,7289,21,0,29,1,30,,7290,21,0,29,1,69,,7288,21,0,29,1,38,,7292,21,0,29,1,67,,7294,21,0,29,1,18,,7297,21,0,29,1,17,,7295,21,0,29,1,57,,7296,21,0,29,1,12,,7293,21,0,29,1,11,,7298,21,0,29,1,13,,7299,21,0,29,1,14,,7301,21,0,29,1,54,,7291,21,0,29,1,9,,7304,21,0,29,1,13,,7305,21,0,29,1,13,,7308,21,0,29,1,12,,7309,21,0,29,1,53,,7303,21,0,29,1,24,,7302,21,0,29,1,26,,7300,21,0,29,1,59,,7310,21,0,29,1,30,,7311,21,0,29,1,72,,7306,21,0,29,1,35,,7313,21,0,29,1,68,,7315,21,0,29,1,31,,7312,21,0,29,1,67,,7307,21,0,29,1,31,,7314,21,0,29,1,86,,7316,21,0,29,1
1200000201,'14',1646,,7317,15,0,29,1
1200000201,'2',644,,7321,9,0,29,1,79,,7318,21,0,29,1,30,,7326,21,0,29,1,71,,7324,21,0,29,1,31,,7322,21,0,29,1,71,,7328,21,0,29,1,31,,7319,21,0,29,1,71,,7327,21,0,29,1,31,,7325,21,0,29,1,72,,7330,21,0,29,1,70,,7329,21,0,29,1,31,,7320,21,0,29,1,72,,7332,21,0,29,1,31,,7334,21,0,29,1,70,,7331,21,0,29,1,30,,7336,21,0,29,1,71,,7337,21,0,29,1,30,,7333,21,0,29,1,69,,7335,21,0,29,1,31,,7339,21,0,29,1,72,,7341,21,0,29,1,29,,7338,21,0,29,1,67,,7343,21,0,29,1,29,,7344,21,0,29,1,25,,7340,21,0,29,1,65,,7342,21,0,29,1,28,,7348,21,0,29,1,69,,7347,21,0,29,1,31,,7345,21,0,29,1,67,,7349,21,0,29,1,28,,7351,21,0,29,1,70,,7350,21,0,29,1,30,,7353,21,0,29,1,70,,7346,21,0,29,1,29,,7352,21,0,29,1,89,,7354,21,0,29,1
1200000201,'27',2231,,7355,14,0,29,1,70,,7358,14,0,29,1,29,,7356,14,0,29,1,83,,7359,14,0,29,1,28,,7361,14,0,29,1,70,,7357,14,0,29,1,30,,7360,14,0,29,1
1200000201,'28',2230,,7362,14,0,29,1,70,,7365,14,0,29,1,30,,7363,14,0,29,1,83,,7366,14,0,29,1,28,,7368,14,0,29,1,70,,7364,14,0,29,1,30,,7367,14,0,29,1
1200000201,'29',2230,,7369,14,0,29,1,70,,7372,14,0,29,1,30,,7370,14,0,29,1,83,,7373,14,0,29,1,28,,7375,14,0,29,1,70,,7371,14,0,29,1,30,,7374,14,0,29,1
1200000201,'3',824,,7377,21,0,29,1,31,,7379,21,0,29,1,71,,7381,21,0,29,1,31,,7383,21,0,29,1,71,,7384,21,0,29,1,31,,7388,21,0,29,1,72,,7386,21,0,29,1,70,,7390,21,0,29,1,31,,7387,21,0,29,1,72,,7385,21,0,29,1,31,,7389,21,0,29,1,70,,7392,21,0,29,1,30,,7391,21,0,29,1,71,,7393,21,0,29,1,30,,7395,21,0,29,1,69,,7397,21,0,29,1,31,,7400,21,0,29,1,72,,7402,21,0,29,1,29,,7394,21,0,29,1,67,,7396,21,0,29,1,29,,7398,21,0,29,1,25,,7401,21,0,29,1,65,,7403,21,0,29,1,28,,7405,21,0,29,1,69,,7404,21,0,29,1,31,,7399,21,0,29,1,67,,7406,21,0,29,1
1200000401,'1',1707,,7635,21,,,1,23,,7633,21,,,1
