20000,'51',845,,8323,8,,,2,70,,8321,8,,,2,27,,8320,8,,,2,69,,8322,8,,,2
5002300,'51',708,,8479,67,4,,2,34,,8481,67,4,,2,69,,8482,67,4,,2,30,,8480,67,4,,2
5002301,'51',1535,,8486,8,,,2,81,,8484,8,,,2,29,,8483,8,,,2,163,,8485,8,,,2
5002400,'51',742,,8489,43,4,,2,67,,8487,43,4,,2,30,,8488,43,4,,2
5002401,'51',1536,,8492,8,,,2,81,,8490,8,,,2,29,,8491,8,,,2
5003400,'51',714,,8494,45,4,,2,24,,8493,45,4,,2
5003401,'51',1613,,8495,8,,,2
5003601,'51',1533,,8498,8,,,2,79,,8499,8,,,2,25,,8500,8,,,2
5003700,'51',737,,8502,73,4,,2,77,,8504,73,4,,2,30,,8505,73,4,,2,67,,8503,80,4,,2
5003701,'51',1534,,8507,8,,,2,104,,8506,8,,,2,167,,8508,8,,,2
5003801,'51',1613,,8510,8,,,2,96,,8509,8,,,2
1200000201,'51',624,,8663,8,0,29,1,15,,8661,8,0,29,1,19,,8665,8,0,29,1,50,,8671,8,0,29,1,10,,8668,8,0,29,1,3,,8676,8,4,,1,6,,8660,8,0,29,1,10,,8670,8,0,29,1,18,,8673,8,0,29,1,58,,8679,8,0,29,1,15,,8659,8,0,29,1,14,,8681,8,0,29,1,15,,8664,8,0,29,1,52,,8675,8,0,29,1,12,,8662,8,0,29,1,13,,8678,8,0,29,1,15,,8666,8,0,29,1,52,,8685,8,0,29,1,17,,8684,8,0,29,1,18,,8687,8,0,29,1,14,,8683,8,0,29,1,55,,8682,8,0,29,1,15,,8688,8,0,29,1,15,,8690,8,0,29,1,15,,8691,8,0,29,1,55,,8692,8,0,29,1,15,,8686,8,0,29,1,15,,8693,8,0,29,1,15,,8694,8,0,29,1,55,,8695,8,0,29,1,16,,8696,8,0,29,1,15,,8697,8,0,29,1,15,,8689,8,0,29,1,55,,8698,8,0,29,1,14,,8700,8,0,29,1,15,,8701,8,0,29,1,15,,8702,8,0,29,1,51,,8706,8,0,29,1,11,,8699,8,0,29,1,16,,8704,8,0,29,1,15,,8709,8,0,29,1,14,,8710,8,0,29,1,57,,8712,8,0,29,1,11,,8703,8,0,29,1,14,,8714,8,0,29,1,15,,8708,8,0,29,1,56,,8716,8,0,29,1,17,,8718,8,0,29,1,11,,8720,8,0,29,1,15,,8707,8,0,29,1,53,,8713,8,0,29,1,8,,8705,8,0,29,1,8,,8721,8,0,29,1,13,,8711,8,0,29,1,14,,8715,8,0,29,1,54,,8717,8,0,29,1,14,,8722,8,0,29,1,14,,8719,8,0,29,1,20,,8723,8,0,29,1,70,,8724,8,0,29,1,32,,8726,8,0,29,1,75,,8728,8,0,29,1,30,,8730,8,0,29,1,71,,8725,8,0,29,1,28,,8727,8,0,29,1,71,,8729,8,0,29,1,86,,8731,8,0,29,1
1200000201,'52',702,,8732,8,0,29,1,30,,8740,8,0,29,1,69,,8738,8,0,29,1,31,,8736,8,0,29,1,71,,8742,8,0,29,1,30,,8733,8,0,29,1,70,,8741,8,0,29,1,30,,8739,8,0,29,1,70,,8744,8,0,29,1,30,,8743,8,0,29,1,70,,8734,8,0,29,1,32,,8747,8,0,29,1,70,,8748,8,0,29,1,30,,8745,8,0,29,1,70,,8746,8,0,29,1,31,,8751,8,0,29,1,70,,8750,8,0,29,1,29,,8749,8,0,29,1,70,,8754,8,0,29,1,32,,8756,8,0,29,1,70,,8752,8,0,29,1,30,,8759,8,0,29,1,70,,8758,8,0,29,1,28,,8755,8,0,29,1,67,,8757,8,0,29,1,28,,8762,8,0,29,1,29,,8753,8,0,29,1,71,,8760,8,0,29,1,27,,8763,8,0,29,1,68,,8765,8,0,29,1,31,,8764,8,0,29,1,70,,8768,8,0,29,1,30,,8761,8,0,29,1,69,,8766,8,0,29,1,88,,8767,8,0,29,1
1200000201,'53',801,,8770,8,0,29,1,31,,8772,8,0,29,1,71,,8774,8,0,29,1,30,,8776,8,0,29,1,70,,8778,8,0,29,1,30,,8782,8,0,29,1,70,,8780,8,0,29,1,30,,8784,8,0,29,1,70,,8781,8,0,29,1,32,,8779,8,0,29,1,70,,8783,8,0,29,1,30,,8785,8,0,29,1,70,,8777,8,0,29,1,31,,8786,8,0,29,1,70,,8788,8,0,29,1,29,,8791,8,0,29,1,70,,8793,8,0,29,1,32,,8795,8,0,29,1,70,,8787,8,0,29,1,30,,8789,8,0,29,1,70,,8792,8,0,29,1,28,,8794,8,0,29,1,67,,8796,8,0,29,1,28,,8798,8,0,29,1,29,,8797,8,0,29,1,71,,8790,8,0,29,1,27,,8799,8,0,29,1
1200000201,'69',746,,8801,8,4,,1,87,,8802,8,4,,1,702,,8803,8,0,29,1,15,,8804,8,0,29,1
1200000301,'51',652,,8913,8,,,1,59,,8917,8,,,1,14,,8919,8,4,,1,13,,8924,8,4,,1,7,,8912,8,,,1,3,,8916,8,4,,1,10,,8925,8,4,,1,50,,8926,8,4,,1,5,,8927,8,,,1,4,,8921,8,4,,1,22,,8928,8,,,1,66,,8914,8,,,1,30,,8918,8,,,1,67,,8922,8,,,1,36,,8929,8,,,1,20,,8931,8,,,1,60,,8930,8,,,1,20,,8933,8,,,1,20,,8923,8,,,1,60,,8935,8,,,1,22,,8937,8,,,1,60,,8932,8,,,1,20,,8938,8,,,1,20,,8934,8,,,1,18,,8940,8,,,1,60,,8936,8,,,1,19,,8941,8,,,1,20,,8942,8,,,1,57,,8939,8,,,1,13,,8944,8,,,1,17,,8943,8,,,1,15,,8952,8,,,1,59,,8949,8,,,1,13,,8951,8,,,1,16,,8946,8,,,1,57,,8945,8,,,1,18,,8955,8,,,1,17,,8953,8,,,1,15,,8958,8,,,1,48,,8948,8,,,1,8,,8950,8,,,1,15,,8947,8,,,1,18,,8954,8,,,1,63,,8957,8,,,1,24,,8956,8,,,1,71,,8966,8,,,1,30,,8965,8,,,1,70,,8967,8,,,1,33,,8961,8,,,1
1200000301,'52',731,,8968,8,,,1,70,,8972,8,,,1,31,,8974,8,,,1,71,,8976,8,,,1,30,,8969,8,,,1,71,,8973,8,,,1,30,,8975,8,,,1,71,,8977,8,,,1,31,,8970,8,,,1,71,,8981,8,,,1,31,,8971,8,,,1,70,,8978,8,,,1,31,,8979,8,,,1,70,,8982,8,,,1,30,,8984,8,,,1,70,,8986,8,,,1,30,,8980,8,,,1,70,,8983,8,,,1,31,,8985,8,,,1,68,,8987,8,,,1,30,,8988,8,,,1,69,,8989,8,,,1,28,,8990,8,,,1,67,,8992,8,,,1
1200000301,'53',801,,8998,8,,,1,31,,9000,8,,,1,71,,9003,8,,,1,30,,9005,8,,,1,71,,8999,8,,,1,30,,9001,8,,,1,71,,9004,8,,,1,31,,9006,8,,,1,71,,9008,8,,,1,31,,9002,8,,,1,70,,9010,8,,,1,31,,9007,8,,,1,70,,9009,8,,,1,30,,9012,8,,,1,70,,9011,8,,,1,30,,9015,8,,,1,70,,9017,8,,,1,31,,9013,8,,,1,68,,9019,8,,,1,30,,9016,8,,,1,69,,9018,8,,,1,28,,9014,8,,,1,67,,9020,8,,,1
1200000401,'51',740,,9028,8,4,,1,18,,9029,8,4,,1,56,,9030,8,4,,1,15,,9027,8,4,,1,790,,9031,8,,,1,31,,9034,8,,,1,67,,9035,8,,,1
