2300,'51',551,,7994,6,,,2,273,,7997,6,0,14 1 15,2,33,,7976,6,,,2,76,,7979,6,,,2,70,,7977,6,,,2,31,,7980,6,,,2,70,,7978,6,,,2,30,,7981,6,,,2,78,,7983,6,,,2,30,,7982,6,,,2,70,,7984,6,,,2,30,,7986,6,,,2,72,,7985,6,,,2,33,,7987,6,,,2,70,,7996,6,,,2,116,,7998,6,,,2,75,,7995,6,,,2,28,,7988,6,,,2,73,,7990,6,,,2,27,,7989,6,,,2,78,,7991,6,,,2,102,,7992,6,,,2,95,,7993,6,,,2
2300,'52',629,,7999,6,,,2,100,,8000,6,,,2,101,,8001,6,,,2,101,,8002,6,,,2,101,,8003,6,,,2,101,,8004,6,,,2,101,,8005,6,,,2,107,,8006,6,,,2,100,,8007,6,,,2,100,,8008,6,,,2,101,,8009,6,,,2,88,,8010,6,,,2
2300,'53',729,,8011,6,,,2,101,,8012,6,,,2,101,,8013,6,,,2,101,,8014,6,,,2,101,,8015,6,,,2,101,,8016,6,,,2,107,,8017,6,,,2,100,,8018,6,,,2,100,,8019,6,,,2,101,,8020,6,,,2,88,,8021,6,,,2
2301,'51',1209,,8026,54,,,2,305,,8044,54,,,2,42,,8042,54,,,2,663,,8040,54,,,2
2301,'52',1225,,8052,54,,,2,599,,8058,54,,,2
2301,'53',1225,,8063,54,,,2,599,,8069,54,,,2
23100,'64',707,,8378,18,,,2
23101,'65',1547,,8379,65,,,2
23500,'62',800,,8382,18,,,2
23501,'63',1704,,8383,39,,,2
5002300,'51',615,,8479,6,,,2,25,,8481,6,,,2,69,,8482,6,,,2,31,,8480,6,,,2
5002301,'51',1743,,8483,64,,,2,109,,8485,64,,,2
