1301,'1',638,,5816,17,,,2,77,,5818,17,,,2,94,,5817,17,,,2,808,,5819,17,,,2,15,,5820,17,,,2,79,,5822,17,,,2,30,,5821,17,,,2
1500,'1',613,,5823,40,0,29,2,29,,5825,40,0,29,2,69,,5827,40,0,29,2,31,,5826,43,0,29,2,70,,5829,43,0,29,2
1600,'1',1534,,5851,24,0,29,2,66,,5854,9,0,29,2,35,,5850,27,0,29,2,78,,5852,27,0,29,2,25,,5855,27,0,29,2
1200000100,'1',659,,7141,78,0,34 35 6 31,1,73,,7142,78,0,34 35 6 31,1,22,,7143,78,0,34 35 6 31,1,68,,7146,78,0,16 1 17,1,29,,7144,78,0,34 35 6 31,1
1200000201,'1',631,,7262,27,0,29,1,80,,7265,39,0,29,1,15,,7264,39,0,29,1,21,,7269,39,0,29,1,61,,7271,39,0,29,1,19,,7273,39,0,29,1,20,,7276,39,0,29,1,55,,7277,39,0,29,1,16,,7263,39,0,29,1,13,,7280,39,0,29,1,14,,7268,39,0,29,1,11,,7266,39,0,29,1,52,,7275,39,0,29,1,12,,7281,39,0,29,1,14,,7278,39,0,29,1,17,,7282,39,0,29,1,70,,7284,39,0,29,1,29,,7286,39,0,29,1,70,,7267,39,0,29,1,33,,7287,39,0,29,1,69,,7283,39,0,29,1,30,,7285,39,0,29,1,71,,7289,39,0,29,1,31,,7290,39,0,29,1,70,,7288,39,0,29,1,80,,7292,39,0,29,1,27,,7294,39,0,29,1,17,,7297,39,0,29,1,57,,7295,39,0,29,1,17,,7296,39,0,29,1,12,,7293,39,0,29,1,10,,7298,39,0,29,1,12,,7299,39,0,29,1,54,,7301,39,0,29,1,13,,7291,39,0,29,1,9,,7304,39,0,29,1,13,,7305,39,0,29,1,13,,7308,39,0,29,1,52,,7309,39,0,29,1,13,,7303,39,0,29,1,24,,7302,39,0,29,1,66,,7300,39,0,29,1,19,,7310,39,0,29,1,68,,7311,39,0,29,1,32,,7306,39,0,29,1,75,,7313,39,0,29,1,28,,7315,39,0,29,1,71,,7312,39,0,29,1,27,,7307,39,0,29,1,71,,7314,39,0,29,1,46,,7316,39,0,29,1
1200000201,'14',1707,,7317,33,0,29,1
1200000201,'2',702,,7321,27,0,29,1,39,,7318,39,0,29,1,70,,7326,39,0,29,1,31,,7324,39,0,29,1,72,,7322,39,0,29,1,31,,7328,39,0,29,1,71,,7319,39,0,29,1,31,,7327,39,0,29,1,72,,7325,39,0,29,1,32,,7330,39,0,29,1,70,,7329,39,0,29,1,31,,7320,39,0,29,1,72,,7332,39,0,29,1,31,,7334,39,0,29,1,70,,7331,39,0,29,1,30,,7336,39,0,29,1,71,,7337,39,0,29,1,30,,7333,39,0,29,1,69,,7335,39,0,29,1,31,,7339,39,0,29,1,72,,7341,39,0,29,1,28,,7338,39,0,29,1,66,,7343,39,0,29,1,28,,7344,39,0,29,1,65,,7340,39,0,29,1,25,,7342,39,0,29,1,67,,7348,39,0,29,1,29,,7347,39,0,29,1,71,,7345,39,0,29,1,27,,7349,39,0,29,1,68,,7351,39,0,29,1,29,,7350,39,0,29,1,70,,7353,39,0,29,1,30,,7346,39,0,29,1,28,,7352,39,0,29,1,89,,7354,39,0,29,1
1200000201,'27',2247,,7355,32,0,29,1,70,,7358,32,0,29,1,29,,7356,32,0,29,1,83,,7359,32,0,29,1,28,,7361,32,0,29,1,70,,7357,32,0,29,1,30,,7360,32,0,29,1
1200000201,'28',2245,,7362,32,0,29,1,70,,7365,32,0,29,1,30,,7363,32,0,29,1,82,,7366,32,0,29,1,28,,7368,32,0,29,1,70,,7364,32,0,29,1,30,,7367,32,0,29,1
1200000201,'29',2245,,7369,32,0,29,1,70,,7372,32,0,29,1,30,,7370,32,0,29,1,82,,7373,32,0,29,1,28,,7375,32,0,29,1,70,,7371,32,0,29,1,30,,7374,32,0,29,1
1200000201,'3',842,,7377,39,0,29,1,72,,7379,39,0,29,1,31,,7381,39,0,29,1,70,,7383,39,0,29,1,32,,7384,39,0,29,1,72,,7388,39,0,29,1,32,,7386,39,0,29,1,70,,7390,39,0,29,1,31,,7387,39,0,29,1,72,,7385,39,0,29,1,31,,7389,39,0,29,1,70,,7392,39,0,29,1,30,,7391,39,0,29,1,71,,7393,39,0,29,1,30,,7395,39,0,29,1,69,,7397,39,0,29,1,31,,7400,39,0,29,1,72,,7402,39,0,29,1,28,,7394,39,0,29,1,66,,7396,39,0,29,1,28,,7398,39,0,29,1,65,,7401,39,0,29,1,25,,7403,39,0,29,1,67,,7405,39,0,29,1,29,,7404,39,0,29,1,71,,7399,39,0,29,1,27,,7406,39,0,29,1
1200000401,'1',1728,,7635,39,,,1,21,,7633,39,,,1
