1301,'51',650,,7876,19,,,2,85,,7877,19,,,2,73,,7875,19,,,2,810,,7880,19,,,2,15,,7878,19,,,2,77,,7881,19,,,2,30,,7879,19,,,2
1301,'68',1634,,7882,5,,,2
1500,'51',610,,7883,42,0,29,2,33,,7885,42,0,29,2,70,,7887,42,0,29,2,21,,7884,45,0,29,2,80,,7886,45,0,29,2
1600,'51',1535,,7911,26,0,29,2,67,,7913,11,0,29,2,34,,7912,29,0,29,2,76,,7916,29,0,29,2,27,,7914,29,0,29,2
20000,'51',924,,8323,24,,,2,28,,8321,24,,,2,66,,8320,24,,,2,29,,8322,24,,,2,1094,,8324,12,,,2,218,,8325,12,,,2
20000,'52',1912,,8326,12,,,2,445,,8327,12,,,2
21000,'51',1156,,8336,30,,,2,80,,8337,30,,,2,85,,8335,30,,,2,417,,8340,30,,,2,69,,8339,30,,,2,27,,8338,30,,,2,81,,8342,30,,,2,131,,8341,30,,,2
21000,'52',1254,,8343,30,,,2,173,,8344,30,,,2,231,,8345,30,,,2,71,,8346,30,,,2,322,,8347,30,,,2
21000,'53',1120,,8348,30,,,2,103,,8350,30,,,2,133,,8349,30,,,2,102,,8351,30,,,2,70,,8352,30,,,2
35000,'51',915,,8402,11,,,2
38000,'51',1710,,8409,25,,,2,43,,8410,25,,,2,84,,8411,25,,,2
1200000100,'51',658,,8518,80,0,34 35 6 31,1,72,,8519,80,0,34 35 6 31,1,23,,8520,80,0,34 35 6 31,1,68,,8523,80,0,16 1 17,1,29,,8521,80,0,34 35 6 31,1
1200000201,'51',633,,8658,29,0,29,1,75,,8663,41,0,29,1,9,,8674,29,0,29,1,7,,8661,41,0,29,1,9,,8677,29,0,29,1,12,,8665,41,0,29,1,10,,8671,41,0,29,1,49,,8668,41,0,29,1,9,,8660,41,0,29,1,9,,8670,41,0,29,1,19,,8673,41,0,29,1,17,,8679,41,0,29,1,55,,8659,41,0,29,1,14,,8681,41,0,29,1,14,,8664,41,0,29,1,12,,8675,41,0,29,1,52,,8662,41,0,29,1,12,,8678,41,0,29,1,15,,8666,41,0,29,1,12,,8685,41,0,29,1,57,,8684,41,0,29,1,18,,8687,41,0,29,1,14,,8683,41,0,29,1,15,,8682,41,0,29,1,55,,8688,41,0,29,1,15,,8690,41,0,29,1,15,,8691,41,0,29,1,18,,8692,41,0,29,1,55,,8686,41,0,29,1,15,,8693,41,0,29,1,14,,8694,41,0,29,1,15,,8695,41,0,29,1,56,,8696,41,0,29,1,15,,8697,41,0,29,1,15,,8689,41,0,29,1,16,,8698,41,0,29,1,54,,8700,41,0,29,1,16,,8701,41,0,29,1,19,,8702,41,0,29,1,13,,8706,41,0,29,1,55,,8699,41,0,29,1,20,,8704,41,0,29,1,16,,8709,41,0,29,1,55,,8710,41,0,29,1,18,,8712,41,0,29,1,11,,8703,41,0,29,1,11,,8714,41,0,29,1,11,,8708,41,0,29,1,54,,8716,41,0,29,1,14,,8718,41,0,29,1,9,,8720,41,0,29,1,13,,8707,41,0,29,1,12,,8713,41,0,29,1,47,,8705,41,0,29,1,7,,8721,41,0,29,1,12,,8711,41,0,29,1,13,,8715,41,0,29,1,12,,8717,41,0,29,1,14,,8722,41,0,29,1,54,,8719,41,0,29,1,20,,8723,41,0,29,1,69,,8724,41,0,29,1,32,,8726,41,0,29,1,75,,8728,41,0,29,1,27,,8730,41,0,29,1,71,,8725,41,0,29,1,27,,8727,41,0,29,1,71,,8729,41,0,29,1,46,,8731,41,0,29,1
1200000201,'52',703,,8735,29,0,29,1,36,,8732,41,0,29,1,70,,8740,41,0,29,1,30,,8738,41,0,29,1,72,,8736,41,0,29,1,31,,8742,41,0,29,1,71,,8733,41,0,29,1,31,,8741,41,0,29,1,71,,8739,41,0,29,1,30,,8744,41,0,29,1,70,,8743,41,0,29,1,30,,8734,41,0,29,1,72,,8747,41,0,29,1,31,,8748,41,0,29,1,70,,8745,41,0,29,1,30,,8746,41,0,29,1,72,,8751,41,0,29,1,30,,8750,41,0,29,1,69,,8749,41,0,29,1,31,,8754,41,0,29,1,72,,8756,41,0,29,1,30,,8752,41,0,29,1,65,,8759,41,0,29,1,30,,8758,41,0,29,1,66,,8755,41,0,29,1,27,,8757,41,0,29,1,68,,8762,41,0,29,1,29,,8753,41,0,29,1,71,,8760,41,0,29,1,27,,8763,41,0,29,1,68,,8765,41,0,29,1,30,,8764,41,0,29,1,70,,8768,41,0,29,1,30,,8761,41,0,29,1,69,,8766,41,0,29,1,48,,8767,41,0,29,1
1200000201,'53',839,,8770,41,0,29,1,72,,8772,41,0,29,1,31,,8774,41,0,29,1,71,,8776,41,0,29,1,31,,8778,41,0,29,1,71,,8782,41,0,29,1,30,,8780,41,0,29,1,70,,8784,41,0,29,1,30,,8781,41,0,29,1,72,,8779,41,0,29,1,31,,8783,41,0,29,1,70,,8785,41,0,29,1,30,,8777,41,0,29,1,72,,8786,41,0,29,1,30,,8788,41,0,29,1,69,,8791,41,0,29,1,31,,8793,41,0,29,1,72,,8795,41,0,29,1,30,,8787,41,0,29,1,65,,8789,41,0,29,1,30,,8792,41,0,29,1,66,,8794,41,0,29,1,27,,8796,41,0,29,1,68,,8798,41,0,29,1,29,,8797,41,0,29,1,71,,8790,41,0,29,1,27,,8799,41,0,29,1
1200000201,'68',1709,,8800,35,0,29,1
1200000201,'69',1636,,8803,41,0,29,1,17,,8804,41,0,29,1
1200000401,'51',1723,,9031,41,,,1,25,,9034,41,,,1,62,,9035,41,,,1
