3101,'51',609,,8077,42,,,2,29,,8079,42,,,2,68,,8078,74,,,2,34,,8080,74,,,2,101,,8081,74,,,2,105,,8082,74,,,2,100,,8083,74,,,2,100,,8084,74,,,2,104,,8086,74,,,2,102,,8085,74,,,2,101,,8087,74,,,2,101,,8088,74,,,2,97,,8089,74,,,2,71,,8093,74,,,2,30,,8090,74,,,2,73,,8091,74,,,2,29,,8094,74,,,2,68,,8092,74,,,2,32,,8095,74,,,2
3701,'51',554,,8188,35,,,2,187,,8189,42,0,32 1 33,2,103,,8190,42,,,2,102,,8191,42,,,2,98,,8192,42,,,2,102,,8193,42,,,2,113,,8194,42,,,2,142,,8195,42,,,2,102,,8196,42,,,2,116,,8197,42,,,2,181,,8198,42,,,2,31,,8199,42,,,2,100,,8200,42,,,2,97,,8201,42,,,2,97,,8202,42,,,2,101,,8203,42,,,2,100,,8204,42,,,2,25,,8205,42,,,2
3701,'52',709,,8206,42,,,2,100,,8207,42,,,2,101,,8208,42,,,2,102,,8209,42,,,2,101,,8210,42,,,2,116,,8211,42,,,2,100,,8212,42,,,2,102,,8213,42,,,2,100,,8214,42,,,2,100,,8215,42,,,2,102,,8216,42,,,2,98,,8222,42,,,2,98,,8223,42,,,2,96,,8217,42,,,2,100,,8218,42,,,2,101,,8219,42,,,2,98,,8220,42,,,2,25,,8221,42,,,2
3701,'53',809,,8224,42,,,2,101,,8225,42,,,2,102,,8226,42,,,2,101,,8227,42,,,2,116,,8228,42,,,2,100,,8229,42,,,2,102,,8230,42,,,2,100,,8231,42,,,2,100,,8232,42,,,2,102,,8233,42,,,2,98,,8234,42,,,2,98,,8235,42,,,2
3800,'51',810,,8238,43,,,2,105,,8237,43,,,2,98,,8236,43,,,2,102,,8239,43,,,2,113,,8240,43,,,2,102,,8241,43,,,2,102,,8242,43,,,2,109,,8243,50,,,2,116,,8244,43,,,2,72,,8245,43,,,2,174,,8246,43,,,2,97,,8247,43,,,2,56,,8248,43,,,2,101,,8249,43,,,2,99,,8250,43,,,2
3800,'52',739,,8251,43,,,2,100,,8252,43,,,2,103,,8253,43,,,2,101,,8254,43,,,2,100,,8255,43,,,2,116,,8256,43,,,2,100,,8257,43,,,2,142,,8258,43,,,2,100,,8259,43,,,2,102,,8260,43,,,2,100,,8261,43,,,2,98,,8265,43,,,2,56,,8266,43,,,2,100,,8262,43,,,2,97,,8263,43,,,2,101,,8264,43,,,2
3800,'53',839,,8267,43,,,2,103,,8268,43,,,2,101,,8269,43,,,2,100,,8270,43,,,2,116,,8271,43,,,2,100,,8272,43,,,2,142,,8273,43,,,2,100,,8274,43,,,2,102,,8275,43,,,2,100,,8276,43,,,2,98,,8277,43,,,2,56,,8278,43,,,2
3900,'51',644,,8280,26,,,2,79,,8281,26,,,2,30,,8279,26,,,2
31100,'64',747,,8392,53,,,2
35100,'64',729,,8403,38,,,2
35500,'62',825,,8405,39,0,38 1 7 37,2
37500,'62',825,,8407,26,,,2
38000,'51',1654,,8409,14,,,2,84,,8410,14,,,2,84,,8411,14,,,2
38100,'64',733,,8415,45,,,2
38500,'62',822,,8417,24,,,2
5003700,'51',635,,8501,53,,,2,15,,8502,46,,,2,75,,8504,46,,,2,31,,8505,46,,,2,74,,8503,53,,,2
5003701,'51',1647,,8507,75,,,2,104,,8506,75,,,2,154,,8508,75,,,2
5003801,'51',1726,,8510,74,,,2,88,,8509,74,,,2
2000003101,'52',712,,9118,43,,,2,100,,9119,75,,,2,102,,9120,75,,,2,102,,9121,75,,,2,100,,9122,75,,,2,100,,9123,75,,,2,102,,9124,75,,,2,201,,9125,75,,,2,101,,9126,75,,,2,100,,9127,75,,,2,101,,9128,75,,,2
2000003101,'53',812,,9130,43,,,2,102,,9131,75,,,2,102,,9132,75,,,2,100,,9133,75,,,2,100,,9134,75,,,2,102,,9135,75,,,2,201,,9136,75,,,2,101,,9137,75,,,2,100,,9138,75,,,2,101,,9139,75,,,2
