1300,'51',640,,7864,30,,,2,71,,7867,30,,,2,20,,7866,30,,,2,83,,7868,30,,,2,41,,7865,30,,,2,750,,7869,30,,,2,98,,7872,30,,,2,13,,7870,30,,,2,39,,7873,30,,,2,65,,7871,30,,,2
1300,'67',858,,7874,25,,,2
1500,'51',855,,7888,44,4,,2
1500,'67',854,,7893,29,4,,2
11900,'67',855,,8295,41,,,2
11901,'68',1622,,8296,1,,,2
12900,'67',850,,8303,22,,,2
12901,'68',1624,,8304,1,,,2
13900,'67',855,,8313,15,,,2
15800,'67',853,,8318,22,,,2
22500,'62',842,,8374,34,4,,2
23500,'62',840,,8382,51,4,,2
23600,'62',840,,8384,31,4,,2
24500,'62',841,,8390,24,4,,2
35500,'62',840,,8405,45,4,,2
37500,'62',840,,8407,32,4,,2
38500,'62',837,,8417,30,4,,2
1001101,'51',608,,8427,23,,,1,31,,8424,23,,,1,70,,8428,23,,,1,33,,8425,23,,,1,64,,8421,23,,,1,41,,8426,23,,,1,83,,8430,23,,,1,70,,8429,23,,,1,35,,8431,23,,,1,70,,8435,23,,,1,35,,8432,23,,,1,70,,8436,23,,,1,33,,8433,23,,,1,70,,8440,23,,,1,37,,8434,23,,,1,70,,8442,23,,,1,88,,8437,23,,,1,31,,8438,23,,,1,84,,8441,23,,,1,26,,8439,23,,,1,63,,8443,23,,,1,27,,8445,23,,,1,74,,8444,23,,,1,29,,8446,23,,,1,71,,8447,23,,,1,100,,8448,23,,,1,99,,8449,23,,,1,100,,8450,23,,,1
1001101,'52',809,,8453,23,,,1,102,,8454,23,,,1,101,,8455,23,,,1,100,,8456,23,,,1,98,,8457,23,,,1,100,,8460,23,,,1,102,,8458,23,,,1,100,,8459,23,,,1,99,,8461,23,,,1,100,,8462,23,,,1,100,,8463,23,,,1,100,,8464,23,,,1,99,,8465,23,,,1,100,,8466,23,,,1,100,,8467,23,,,1
1001101,'53',1012,,8472,23,,,1,100,,8469,23,,,1,98,,8470,23,,,1,100,,8473,23,,,1,102,,8474,23,,,1,100,,8475,23,,,1,99,,8476,23,,,1,100,,8477,23,,,1,100,,8478,23,,,1
