32500,'12',827,,6304,42,,,2
34500,'12',824,,6305,32,,,2
35500,'12',829,,6308,53,,,2
1200000100,'1',641,,7141,60,0,34 35 6 31,1,71,,7142,60,0,34 35 6 31,1,21,,7143,60,0,34 35 6 31,1,69,,7146,60,0,16 1 17,1,30,,7144,60,0,34 35 6 31,1
1200000201,'1',618,,7262,15,0,29,1,38,,7265,27,0,29,1,55,,7264,27,0,29,1,20,,7269,27,0,29,1,22,,7271,27,0,29,1,60,,7273,27,0,29,1,20,,7276,27,0,29,1,15,,7277,27,0,29,1,56,,7263,27,0,29,1,14,,7280,27,0,29,1,14,,7268,27,0,29,1,11,,7266,27,0,29,1,12,,7275,27,0,29,1,52,,7281,27,0,29,1,14,,7278,27,0,29,1,17,,7282,27,0,29,1,70,,7284,27,0,29,1,29,,7286,27,0,29,1,70,,7267,27,0,29,1,32,,7287,27,0,29,1,70,,7283,27,0,29,1,30,,7285,27,0,29,1,71,,7289,27,0,29,1,30,,7290,27,0,29,1,69,,7288,27,0,29,1,39,,7292,27,0,29,1,67,,7294,27,0,29,1,18,,7297,27,0,29,1,17,,7295,27,0,29,1,57,,7296,27,0,29,1,12,,7293,27,0,29,1,11,,7298,27,0,29,1,12,,7299,27,0,29,1,14,,7301,27,0,29,1,54,,7291,27,0,29,1,9,,7304,27,0,29,1,13,,7305,27,0,29,1,13,,7308,27,0,29,1,12,,7309,27,0,29,1,53,,7303,27,0,29,1,24,,7302,27,0,29,1,66,,7300,27,0,29,1,19,,7310,27,0,29,1,29,,7311,27,0,29,1,72,,7306,27,0,29,1,35,,7313,27,0,29,1,68,,7315,27,0,29,1,31,,7312,27,0,29,1,67,,7307,27,0,29,1,31,,7314,27,0,29,1,86,,7316,27,0,29,1
1200000201,'14',1652,,7317,21,0,29,1
1200000201,'2',649,,7321,15,0,29,1,79,,7318,27,0,29,1,30,,7326,27,0,29,1,71,,7324,27,0,29,1,71,,7322,27,0,29,1,31,,7328,27,0,29,1,71,,7319,27,0,29,1,31,,7327,27,0,29,1,71,,7325,27,0,29,1,32,,7330,27,0,29,1,70,,7329,27,0,29,1,31,,7320,27,0,29,1,72,,7332,27,0,29,1,31,,7334,27,0,29,1,70,,7331,27,0,29,1,30,,7336,27,0,29,1,71,,7337,27,0,29,1,30,,7333,27,0,29,1,69,,7335,27,0,29,1,31,,7339,27,0,29,1,72,,7341,27,0,29,1,29,,7338,27,0,29,1,67,,7343,27,0,29,1,29,,7344,27,0,29,1,65,,7340,27,0,29,1,25,,7342,27,0,29,1,27,,7348,27,0,29,1,69,,7347,27,0,29,1,31,,7345,27,0,29,1,67,,7349,27,0,29,1,28,,7351,27,0,29,1,70,,7350,27,0,29,1,30,,7353,27,0,29,1,70,,7346,27,0,29,1,29,,7352,27,0,29,1,89,,7354,27,0,29,1
1200000201,'27',2235,,7355,20,0,29,1,70,,7358,20,0,29,1,29,,7356,20,0,29,1,83,,7359,20,0,29,1,28,,7361,20,0,29,1,70,,7357,20,0,29,1,30,,7360,20,0,29,1
1200000201,'28',2234,,7362,20,0,29,1,70,,7365,20,0,29,1,30,,7363,20,0,29,1,83,,7366,20,0,29,1,28,,7368,20,0,29,1,70,,7364,20,0,29,1,30,,7367,20,0,29,1
1200000201,'29',2234,,7369,20,0,29,1,70,,7372,20,0,29,1,30,,7370,20,0,29,1,83,,7373,20,0,29,1,28,,7375,20,0,29,1,70,,7371,20,0,29,1,30,,7374,20,0,29,1
1200000201,'3',829,,7377,27,0,29,1,71,,7379,27,0,29,1,31,,7381,27,0,29,1,71,,7383,27,0,29,1,31,,7384,27,0,29,1,71,,7388,27,0,29,1,32,,7386,27,0,29,1,70,,7390,27,0,29,1,31,,7387,27,0,29,1,72,,7385,27,0,29,1,31,,7389,27,0,29,1,70,,7392,27,0,29,1,30,,7391,27,0,29,1,71,,7393,27,0,29,1,30,,7395,27,0,29,1,69,,7397,27,0,29,1,31,,7400,27,0,29,1,72,,7402,27,0,29,1,29,,7394,27,0,29,1,67,,7396,27,0,29,1,29,,7398,27,0,29,1,65,,7401,27,0,29,1,25,,7403,27,0,29,1,27,,7405,27,0,29,1,69,,7404,27,0,29,1,31,,7399,27,0,29,1,67,,7406,27,0,29,1
1200000401,'1',1713,,7635,27,,,1,22,,7633,27,,,1
