3400,'51',611,,8098,14,,,2,114,,8099,16,,,2,77,,8097,14,,,2,36,,8100,16,0,24 1 15,2,677,,8101,5,,,2,41,,8103,14,,,2,144,,8102,16,,,2,29,,8104,16,,,2,88,,8105,16,,,2
3800,'51',1515,,8243,7,,,2
22101,'65',1512,,8371,7,,,2
22201,'65',1513,,8373,7,,,2
23101,'65',1512,,8379,7,,,2
24101,'65',1512,,8387,7,,,2
24201,'65',1512,,8389,7,,,2
31101,'65',1515,,8393,7,,,2
35101,'65',1515,,8404,7,,,2
38101,'65',1515,,8416,7,,,2
5003400,'51',634,,8494,14,,,2,22,,8493,14,,,2
2000003400,'52',718,,9141,14,,,2,84,,9142,16,,,2,47,,9143,16,,,2,86,,9144,16,,,2,84,,9145,16,,,2,86,,9146,16,,,2,45,,9147,16,,,2,87,,9148,16,,,2,171,,9149,16,,,2,43,,9150,16,,,2,87,,9151,16,,,2,83,,9152,16,,,2,90,,9153,16,,,2,42,,9154,16,,,2,84,,9155,16,,,2
2000003400,'53',800,,9156,14,,,2,49,,9157,16,,,2,86,,9158,16,,,2,84,,9159,16,,,2,86,,9160,16,,,2,45,,9161,16,,,2,87,,9162,16,,,2,171,,9163,16,,,2,43,,9164,16,,,2,87,,9165,16,,,2,83,,9166,16,,,2,90,,9167,16,,,2,42,,9168,16,,,2,84,,9169,16,,,2
