20000,'51',839,,8323,3,,,2,70,,8321,3,,,2,27,,8320,3,,,2,69,,8322,3,,,2
5002300,'51',702,,8479,62,4,,2,33,,8481,62,4,,2,69,,8482,62,4,,2,30,,8480,62,4,,2
5002301,'51',1528,,8486,3,,,2,81,,8484,3,,,2,30,,8483,3,,,2,163,,8485,3,,,2
5002400,'51',735,,8489,38,4,,2,67,,8487,38,4,,2,30,,8488,38,4,,2
5002401,'51',1529,,8492,3,,,2,81,,8490,3,,,2,30,,8491,3,,,2
5003400,'51',708,,8494,40,4,,2,23,,8493,40,4,,2
5003401,'51',1606,,8495,3,,,2
5003601,'51',1526,,8498,3,,,2,79,,8499,3,,,2,25,,8500,3,,,2
5003700,'51',730,,8502,68,4,,2,77,,8504,68,4,,2,30,,8505,68,4,,2,68,,8503,75,4,,2
5003701,'51',1525,,8507,3,,,2,106,,8506,3,,,2,127,,8508,3,,,2
5003801,'51',1606,,8510,3,,,2,96,,8509,3,,,2
1200000201,'51',618,,8663,3,0,29,1,15,,8661,3,0,29,1,19,,8665,3,0,29,1,50,,8671,3,0,29,1,10,,8668,3,0,29,1,3,,8676,3,4,,1,5,,8660,3,0,29,1,10,,8670,3,0,29,1,18,,8673,3,0,29,1,58,,8679,3,0,29,1,15,,8659,3,0,29,1,15,,8681,3,0,29,1,15,,8664,3,0,29,1,52,,8675,3,0,29,1,12,,8662,3,0,29,1,13,,8678,3,0,29,1,15,,8666,3,0,29,1,12,,8685,3,0,29,1,57,,8684,3,0,29,1,18,,8687,3,0,29,1,14,,8683,3,0,29,1,15,,8682,3,0,29,1,55,,8688,3,0,29,1,15,,8690,3,0,29,1,15,,8691,3,0,29,1,15,,8692,3,0,29,1,55,,8686,3,0,29,1,15,,8693,3,0,29,1,15,,8694,3,0,29,1,15,,8695,3,0,29,1,56,,8696,3,0,29,1,15,,8697,3,0,29,1,15,,8689,3,0,29,1,55,,8698,3,0,29,1,14,,8700,3,0,29,1,15,,8701,3,0,29,1,15,,8702,3,0,29,1,11,,8706,3,0,29,1,51,,8699,3,0,29,1,13,,8704,3,0,29,1,16,,8709,3,0,29,1,15,,8710,3,0,29,1,57,,8712,3,0,29,1,11,,8703,3,0,29,1,14,,8714,3,0,29,1,15,,8708,3,0,29,1,56,,8716,3,0,29,1,17,,8718,3,0,29,1,11,,8720,3,0,29,1,15,,8707,3,0,29,1,13,,8713,3,0,29,1,48,,8705,3,0,29,1,8,,8721,3,0,29,1,14,,8711,3,0,29,1,14,,8715,3,0,29,1,14,,8717,3,0,29,1,54,,8722,3,0,29,1,14,,8719,3,0,29,1,20,,8723,3,0,29,1,70,,8724,3,0,29,1,32,,8726,3,0,29,1,75,,8728,3,0,29,1,30,,8730,3,0,29,1,71,,8725,3,0,29,1,28,,8727,3,0,29,1,71,,8729,3,0,29,1,86,,8731,3,0,29,1
1200000201,'52',656,,8732,3,0,29,1,70,,8740,3,0,29,1,29,,8738,3,0,29,1,71,,8736,3,0,29,1,31,,8742,3,0,29,1,70,,8733,3,0,29,1,30,,8741,3,0,29,1,70,,8739,3,0,29,1,30,,8744,3,0,29,1,70,,8743,3,0,29,1,30,,8734,3,0,29,1,72,,8747,3,0,29,1,30,,8748,3,0,29,1,70,,8745,3,0,29,1,30,,8746,3,0,29,1,71,,8751,3,0,29,1,70,,8750,3,0,29,1,29,,8749,3,0,29,1,30,,8754,3,0,29,1,72,,8756,3,0,29,1,70,,8752,3,0,29,1,30,,8759,3,0,29,1,70,,8758,3,0,29,1,28,,8755,3,0,29,1,27,,8757,3,0,29,1,68,,8762,3,0,29,1,29,,8753,3,0,29,1,71,,8760,3,0,29,1,27,,8763,3,0,29,1,68,,8765,3,0,29,1,31,,8764,3,0,29,1,70,,8768,3,0,29,1,30,,8761,3,0,29,1,69,,8766,3,0,29,1,88,,8767,3,0,29,1
1200000201,'53',755,,8770,3,0,29,1,71,,8772,3,0,29,1,31,,8774,3,0,29,1,70,,8776,3,0,29,1,30,,8778,3,0,29,1,70,,8782,3,0,29,1,30,,8780,3,0,29,1,70,,8784,3,0,29,1,30,,8781,3,0,29,1,72,,8779,3,0,29,1,30,,8783,3,0,29,1,70,,8785,3,0,29,1,30,,8777,3,0,29,1,71,,8786,3,0,29,1,70,,8788,3,0,29,1,29,,8791,3,0,29,1,30,,8793,3,0,29,1,72,,8795,3,0,29,1,70,,8787,3,0,29,1,30,,8789,3,0,29,1,70,,8792,3,0,29,1,28,,8794,3,0,29,1,27,,8796,3,0,29,1,68,,8798,3,0,29,1,29,,8797,3,0,29,1,71,,8790,3,0,29,1,27,,8799,3,0,29,1
1200000201,'69',739,,8801,3,4,,1,87,,8802,3,4,,1,700,,8803,3,0,29,1,17,,8804,3,0,29,1
1200000301,'51',646,,8913,3,,,1,59,,8917,3,,,1,13,,8919,3,4,,1,13,,8924,3,4,,1,7,,8912,3,,,1,3,,8916,3,4,,1,10,,8925,3,4,,1,50,,8926,3,4,,1,5,,8927,3,,,1,4,,8921,3,4,,1,23,,8928,3,,,1,26,,8914,3,,,1,70,,8918,3,,,1,27,,8922,3,,,1,76,,8929,3,,,1,20,,8931,3,,,1,60,,8930,3,,,1,20,,8933,3,,,1,20,,8923,3,,,1,60,,8935,3,,,1,22,,8937,3,,,1,20,,8932,3,,,1,60,,8938,3,,,1,20,,8934,3,,,1,18,,8940,3,,,1,60,,8936,3,,,1,19,,8941,3,,,1,20,,8942,3,,,1,57,,8939,3,,,1,10,,8944,3,,,1,19,,8943,3,,,1,15,,8952,3,,,1,59,,8949,3,,,1,13,,8951,3,,,1,16,,8946,3,,,1,17,,8945,3,,,1,58,,8955,3,,,1,17,,8953,3,,,1,15,,8958,3,,,1,8,,8948,3,,,1,48,,8950,3,,,1,15,,8947,3,,,1,19,,8954,3,,,1,63,,8957,3,,,1,24,,8956,3,,,1,31,,8966,3,,,1,70,,8965,3,,,1,30,,8967,3,,,1,73,,8961,3,,,1
1200000301,'52',725,,8968,3,,,1,30,,8972,3,,,1,71,,8974,3,,,1,31,,8976,3,,,1,70,,8969,3,,,1,31,,8973,3,,,1,70,,8975,3,,,1,31,,8977,3,,,1,71,,8970,3,,,1,71,,8981,3,,,1,31,,8971,3,,,1,70,,8978,3,,,1,31,,8979,3,,,1,70,,8982,3,,,1,30,,8984,3,,,1,70,,8986,3,,,1,30,,8980,3,,,1,70,,8983,3,,,1,31,,8985,3,,,1,68,,8987,3,,,1,30,,8988,3,,,1,69,,8989,3,,,1,28,,8990,3,,,1,27,,8992,3,,,1
1200000301,'53',755,,8998,3,,,1,71,,9000,3,,,1,31,,9003,3,,,1,70,,9005,3,,,1,31,,8999,3,,,1,70,,9001,3,,,1,31,,9004,3,,,1,71,,9006,3,,,1,71,,9008,3,,,1,31,,9002,3,,,1,70,,9010,3,,,1,31,,9007,3,,,1,70,,9009,3,,,1,30,,9012,3,,,1,70,,9011,3,,,1,30,,9015,3,,,1,70,,9017,3,,,1,31,,9013,3,,,1,68,,9019,3,,,1,30,,9016,3,,,1,69,,9018,3,,,1,28,,9014,3,,,1,27,,9020,3,,,1
1200000401,'51',733,,9028,3,4,,1,18,,9029,3,4,,1,56,,9030,3,4,,1,15,,9027,3,4,,1,790,,9031,3,,,1,31,,9034,3,,,1,67,,9035,3,,,1
