1100,'51',611,,7809,10,,,1,25,,7806,83,,,1,75,,7810,83,,,1,30,,7807,83,,,1,74,,7811,83,,,1,30,,7808,83,,,1,58,,7812,83,,,1,29,,7814,83,,,1,74,,7813,83,,,1,30,,7815,83,,,1,75,,7818,83,,,1,30,,7816,83,,,1,73,,7819,83,,,1,30,,7817,83,,,1,77,,7820,83,,,1,30,,7821,83,,,1,88,,7822,83,,,1,71,,7824,83,,,1,36,,7823,83,,,1,72,,7825,83,,,1,41,,7827,84,,,1,62,,7826,83,,,1,22,,7829,83,,,1,66,,7828,83,,,1,34,,7830,83,,,1,68,,7832,83,,,1,30,,7831,83,,,1,100,,7833,83,,,1,100,,7834,83,,,1,99,,7835,83,,,1,100,,7836,83,,,1
1100,'52',741,,7837,83,,,1,102,,7838,83,,,1,99,,7839,83,,,1,102,,7840,83,,,1,100,,7841,83,,,1,100,,7842,83,,,1,101,,7843,83,,,1,99,,7844,83,,,1,100,,7845,83,,,1,100,,7846,83,,,1,99,,7847,83,,,1,99,,7848,83,,,1,98,,7849,83,,,1,100,,7850,83,,,1,100,,7852,83,,,1,100,,7853,83,,,1,100,,7851,83,,,1
1100,'53',942,,7854,83,,,1,102,,7855,83,,,1,100,,7856,83,,,1,100,,7857,83,,,1,101,,7858,83,,,1,99,,7859,83,,,1,100,,7860,83,,,1,100,,7861,83,,,1,99,,7862,83,,,1,99,,7863,83,,,1
1500,'51',606,,7883,37,0,29,2,33,,7885,37,0,29,2,69,,7887,37,0,29,2,21,,7884,40,0,29,2,80,,7886,40,0,29,2,41,,7888,40,0,10 11,2,151,,7889,37,0,12 13,2,100,,7890,37,0,12 13,2,100,,7891,40,0,12 13,2,101,,7892,36,0,12 13,2
1500,'67',849,,7893,25,0,10 11,2
1600,'51',1358,,7909,21,0,12 13,2,96,,7910,21,0,12 13,2,76,,7911,21,0,29,2,25,,7913,6,0,29,2,75,,7912,24,0,29,2,78,,7916,24,0,29,2,27,,7914,24,0,29,2,99,,7917,24,0,12 13,2,108,,7915,21,0,12 13,2,106,,7918,21,0,12 13,2
13500,'62',835,,8307,13,,,2
15500,'62',836,,8315,20,,,2
15600,'62',834,,8316,23,,,2
1200000101,'51',1529,,8526,26,,,1,71,,8527,26,,,1,30,,8528,26,,,1,73,,8529,26,,,1
2000001500,'52',754,,9066,37,,,2,101,,9067,36,,,2,100,,9068,36,,,2,94,,9069,36,,,2,109,,9070,36,,,2,101,,9071,36,,,2,191,,9072,37,,,2,102,,9073,36,,,2,96,,9074,36,,,2,106,,9075,36,,,2,96,,9076,36,,,2
2000001500,'53',855,,9077,37,,,2,100,,9078,36,,,2,94,,9079,36,,,2,109,,9080,36,,,2,101,,9081,36,,,2,191,,9082,37,,,2,102,,9083,36,,,2,96,,9084,36,,,2,106,,9085,36,,,2,96,,9086,36,,,2
