13101,'65',1521,,8306,16,,,2
32500,'62',830,,8398,39,,,2
34500,'62',822,,8400,29,,,2
1200000100,'51',638,,8518,57,0,34 35 6 31,1,70,,8519,57,0,34 35 6 31,1,21,,8520,57,0,34 35 6 31,1,29,,8523,57,0,16 1 17,1,70,,8521,57,0,34 35 6 31,1
1200000201,'51',616,,8658,12,0,29,1,35,,8663,24,0,29,1,8,,8674,12,0,29,1,47,,8661,24,0,29,1,8,,8677,12,0,29,1,12,,8665,24,0,29,1,10,,8671,24,0,29,1,9,,8668,24,0,29,1,10,,8660,24,0,29,1,50,,8670,24,0,29,1,19,,8673,24,0,29,1,17,,8679,24,0,29,1,15,,8659,24,0,29,1,54,,8681,24,0,29,1,14,,8664,24,0,29,1,12,,8675,24,0,29,1,12,,8662,24,0,29,1,52,,8678,24,0,29,1,15,,8666,24,0,29,1,12,,8685,24,0,29,1,17,,8684,24,0,29,1,58,,8687,24,0,29,1,14,,8683,24,0,29,1,15,,8682,24,0,29,1,15,,8688,24,0,29,1,55,,8690,24,0,29,1,15,,8691,24,0,29,1,17,,8692,24,0,29,1,15,,8686,24,0,29,1,55,,8693,24,0,29,1,15,,8694,24,0,29,1,15,,8695,24,0,29,1,16,,8696,24,0,29,1,55,,8697,24,0,29,1,15,,8689,24,0,29,1,15,,8698,24,0,29,1,14,,8700,24,0,29,1,56,,8701,24,0,29,1,18,,8702,24,0,29,1,13,,8706,24,0,29,1,14,,8699,24,0,29,1,60,,8704,24,0,29,1,18,,8709,24,0,29,1,15,,8710,24,0,29,1,58,,8712,24,0,29,1,11,,8703,24,0,29,1,12,,8714,24,0,29,1,11,,8708,24,0,29,1,14,,8716,24,0,29,1,54,,8718,24,0,29,1,9,,8720,24,0,29,1,13,,8707,24,0,29,1,12,,8713,24,0,29,1,7,,8705,24,0,29,1,7,,8721,24,0,29,1,52,,8711,24,0,29,1,13,,8715,24,0,29,1,12,,8717,24,0,29,1,14,,8722,24,0,29,1,14,,8719,24,0,29,1,60,,8723,24,0,29,1,30,,8724,24,0,29,1,72,,8726,24,0,29,1,35,,8728,24,0,29,1,68,,8730,24,0,29,1,31,,8725,24,0,29,1,67,,8727,24,0,29,1,31,,8729,24,0,29,1,86,,8731,24,0,29,1
1200000201,'52',648,,8735,12,0,29,1,76,,8732,24,0,29,1,30,,8740,24,0,29,1,70,,8738,24,0,29,1,31,,8736,24,0,29,1,71,,8742,24,0,29,1,31,,8733,24,0,29,1,71,,8741,24,0,29,1,30,,8739,24,0,29,1,70,,8744,24,0,29,1,30,,8743,24,0,29,1,70,,8734,24,0,29,1,72,,8747,24,0,29,1,31,,8748,24,0,29,1,70,,8745,24,0,29,1,30,,8746,24,0,29,1,72,,8751,24,0,29,1,30,,8750,24,0,29,1,69,,8749,24,0,29,1,31,,8754,24,0,29,1,72,,8756,24,0,29,1,30,,8752,24,0,29,1,67,,8759,24,0,29,1,30,,8758,24,0,29,1,26,,8755,24,0,29,1,67,,8757,24,0,29,1,28,,8762,24,0,29,1,69,,8753,24,0,29,1,31,,8760,24,0,29,1,67,,8763,24,0,29,1,28,,8765,24,0,29,1,70,,8764,24,0,29,1,30,,8768,24,0,29,1,70,,8761,24,0,29,1,29,,8766,24,0,29,1,88,,8767,24,0,29,1
1200000201,'53',824,,8770,24,0,29,1,31,,8772,24,0,29,1,71,,8774,24,0,29,1,31,,8776,24,0,29,1,71,,8778,24,0,29,1,30,,8782,24,0,29,1,70,,8780,24,0,29,1,30,,8784,24,0,29,1,70,,8781,24,0,29,1,72,,8779,24,0,29,1,31,,8783,24,0,29,1,70,,8785,24,0,29,1,30,,8777,24,0,29,1,72,,8786,24,0,29,1,30,,8788,24,0,29,1,69,,8791,24,0,29,1,31,,8793,24,0,29,1,72,,8795,24,0,29,1,30,,8787,24,0,29,1,67,,8789,24,0,29,1,30,,8792,24,0,29,1,26,,8794,24,0,29,1,67,,8796,24,0,29,1,28,,8798,24,0,29,1,69,,8797,24,0,29,1,31,,8790,24,0,29,1,67,,8799,24,0,29,1
1200000201,'68',1651,,8800,18,0,29,1
1200000201,'69',1617,,8803,24,0,29,1,18,,8804,24,0,29,1
1200000401,'51',1705,,9031,24,,,1,26,,9034,24,,,1,22,,9035,24,,,1
