1501,'51',1213,,7894,3,,,2,101,,7895,3,,,2,96,,7896,3,,,2,33,,7897,3,,,2,94,,7899,20,0,34 35 6 41,2,85,,7898,20,0,34 35 6 41,2,16,,7901,20,0,34 35 6 41,2,71,,7904,20,,,2,36,,7903,20,0,34 35 6 41,2,77,,7900,3,,,2,36,,7902,3,,,2,145,,7905,3,,,2,106,,7906,3,,,2,42,,7907,3,,,2
1501,'68',1640,,7908,5,,,2
1601,'51',633,,7919,20,0,34 35 6 41,2,79,,7920,20,0,34 35 6 41,2,33,,7921,20,0,34 35 6 41,2,172,,7922,20,,,2,96,,7923,3,,,2,100,,7924,3,0,34 35 6 41,2
13601,'63',1620,,8309,10,,,2
13901,'68',1632,,8314,7,,,2
15601,'63',1616,,8317,10,,,2
1001101,'51',601,,8427,14,,,1,29,,8424,14,,,1,70,,8428,14,,,1,32,,8425,14,,,1,24,,8421,14,,,1,81,,8426,14,,,1,66,,8422,14,0,12 13,1,18,,8430,14,,,1,30,,8429,14,,,1,75,,8431,14,,,1,30,,8435,14,,,1,75,,8432,14,,,1,70,,8436,14,,,1,33,,8433,14,,,1,70,,8440,14,,,1,37,,8434,14,,,1,70,,8442,14,,,1,48,,8437,14,,,1,70,,8438,14,,,1,85,,8441,14,,,1,26,,8439,14,,,1,63,,8443,14,,,1,27,,8445,14,,,1,74,,8444,14,,,1,29,,8446,14,,,1,71,,8447,14,,,1,100,,8448,14,,,1,100,,8449,14,,,1,100,,8450,14,,,1,100,,8451,14,0,12 13,1
1001101,'52',801,,8453,14,,,1,101,,8454,14,,,1,101,,8455,14,,,1,100,,8456,14,,,1,98,,8457,14,,,1,100,,8460,14,,,1,101,,8458,14,,,1,100,,8459,14,,,1,100,,8461,14,,,1,100,,8462,14,,,1,100,,8463,14,,,1,100,,8464,14,,,1,100,,8465,14,,,1,100,,8466,14,,,1,100,,8467,14,,,1,100,,8468,14,0,12 13,1
1001101,'53',1003,,8472,14,,,1,100,,8469,14,,,1,98,,8470,14,,,1,100,,8473,14,,,1,101,,8474,14,,,1,100,,8475,14,,,1,100,,8476,14,,,1,100,,8477,14,,,1,100,,8478,14,,,1
1200000100,'51',650,,8518,72,0,34 35 6 31,1,71,,8519,72,0,34 35 6 31,1,22,,8520,72,0,34 35 6 31,1,69,,8523,72,0,16 1 17,1,29,,8521,72,0,34 35 6 31,1
2000001501,'52',800,,9087,3,,,2,101,,9088,3,,,2,100,,9089,3,,,2,102,,9090,3,,,2,101,,9091,3,,,2,101,,9092,3,,,2,151,,9093,3,,,2,102,,9094,3,,,2,144,,9095,3,,,2,98,,9096,3,,,2,56,,9097,3,,,2
2000001501,'53',901,,9098,3,,,2,100,,9099,3,,,2,102,,9100,3,,,2,101,,9101,3,,,2,101,,9102,3,,,2,151,,9103,3,,,2,102,,9104,3,,,2,144,,9105,3,,,2,98,,9106,3,,,2,56,,9107,3,,,2
