2300,'51',552,,7994,8,,,2,273,,7997,8,0,14 1 15,2,33,,7976,8,,,2,76,,7979,8,,,2,70,,7977,8,,,2,31,,7980,8,,,2,70,,7978,8,,,2,30,,7981,8,,,2,78,,7983,8,,,2,30,,7982,8,,,2,70,,7984,8,,,2,30,,7986,8,,,2,72,,7985,8,,,2,33,,7987,8,,,2,70,,7996,8,,,2,116,,7998,8,,,2,75,,7995,8,,,2,28,,7988,8,,,2,73,,7990,8,,,2,27,,7989,8,,,2,78,,7991,8,,,2,102,,7992,8,,,2,95,,7993,8,,,2
2300,'52',629,,7999,8,,,2,100,,8000,8,,,2,101,,8001,8,,,2,101,,8002,8,,,2,101,,8003,8,,,2,101,,8004,8,,,2,101,,8005,8,,,2,107,,8006,8,,,2,100,,8007,8,,,2,100,,8008,8,,,2,101,,8009,8,,,2,88,,8010,8,,,2
2300,'53',729,,8011,8,,,2,101,,8012,8,,,2,101,,8013,8,,,2,101,,8014,8,,,2,101,,8015,8,,,2,101,,8016,8,,,2,107,,8017,8,,,2,100,,8018,8,,,2,100,,8019,8,,,2,101,,8020,8,,,2,88,,8021,8,,,2
2301,'51',1210,,8026,56,4,,2,305,,8044,56,4,,2,42,,8042,56,4,,2,663,,8040,56,4,,2
2301,'52',1226,,8052,56,4,,2,599,,8058,56,4,,2
2301,'53',1226,,8063,56,4,,2,599,,8069,56,4,,2
23100,'64',709,,8378,20,,,2
23101,'65',1548,,8379,67,,,2
23500,'62',802,,8382,20,,,2
23501,'63',1705,,8383,41,,,2
5002300,'51',616,,8479,8,,,2,25,,8481,8,,,2,69,,8482,8,,,2,31,,8480,8,,,2
5002301,'51',1744,,8483,66,4,,2,109,,8485,66,4,,2
