11500,'62',843,,8293,27,,,2
12500,'62',843,,8297,24,,,2
12600,'62',848,,8299,18,,,2
12700,'62',849,,8301,15,,,2
12701,'63',1605,,8302,1,,,2
13500,'62',843,,8307,22,,,2
13600,'62',843,,8308,20,,,2
13601,'63',1610,,8309,1,,,2
13800,'62',843,,8311,25,,,2
15500,'62',843,,8315,29,,,2
15600,'62',843,,8316,32,,,2
22500,'62',848,,8374,42,4,,2
22501,'63',1614,12,8375,1,,,2
23500,'62',846,,8382,59,4,,2
23600,'62',846,,8384,39,4,,2
24500,'62',847,,8390,32,4,,2
32500,'62',848,,8398,62,,,2
34500,'62',843,,8400,50,,,2
35500,'62',846,,8405,53,4,,2
37500,'62',846,,8407,40,4,,2
38500,'62',843,,8417,38,4,,2
