3401,'51',636,,8106,21,,,2,67,,8107,21,,,2,52,,8108,21,,,2,801,,8110,21,,,2,95,,8109,25,,,2,81,,8111,21,,,2,25,,8113,21,,,2,88,,8114,21,,,2,66,,8112,21,,,2
3701,'51',750,,8189,51,0,32 1 33,2
22100,'64',738,,8370,38,,,2
22200,'64',736,,8372,34,,,2
23100,'64',745,,8378,71,,,2
23200,'64',736,,8380,38,,,2
24100,'64',734,,8386,20,4,,2
24200,'64',737,,8388,22,4,,2
31100,'64',756,,8392,62,,,2
32500,'62',825,,8398,34,,,2
35100,'64',738,,8403,48,,,2
38100,'64',742,,8415,54,,,2
5003401,'51',1659,,8495,33,,,2
2000003401,'52',749,,9170,21,,,2,85,,9171,21,,,2,85,,9172,21,,,2,85,,9173,21,,,2,47,,9174,21,,,2,85,,9175,21,,,2,87,,9176,21,,,2,81,,9177,21,,,2,134,,9178,21,,,2,86,,9179,21,,,2,84,,9180,21,,,2,48,,9181,21,,,2,84,,9182,21,,,2,83,,9183,21,,,2,82,,9184,21,,,2
2000003401,'53',834,,9185,21,,,2,85,,9186,21,,,2,85,,9187,21,,,2,47,,9188,21,,,2,85,,9189,21,,,2,87,,9190,21,,,2,81,,9191,21,,,2,134,,9192,21,,,2,86,,9193,21,,,2,84,,9194,21,,,2,48,,9195,21,,,2,84,,9196,21,,,2,83,,9197,21,,,2,82,,9198,21,,,2
