3401,'51',636,,8106,20,,,2,67,,8107,20,,,2,51,,8108,20,,,2,802,,8110,20,,,2,95,,8109,24,,,2,81,,8111,20,,,2,25,,8113,20,,,2,88,,8114,20,,,2,66,,8112,20,,,2
3701,'51',750,,8189,50,0,32 1 33,2
22100,'64',738,,8370,37,,,2
22200,'64',736,,8372,33,,,2
23100,'64',745,,8378,70,,,2
24100,'64',734,,8386,19,4,,2
24200,'64',737,,8388,21,4,,2
31100,'64',756,,8392,61,,,2
35100,'64',738,,8403,47,,,2
38100,'64',742,,8415,53,,,2
5003401,'51',1659,,8495,32,,,2
2000003401,'52',748,,9170,20,,,2,85,,9171,20,,,2,85,,9172,20,,,2,85,,9173,20,,,2,47,,9174,20,,,2,85,,9175,20,,,2,87,,9176,20,,,2,81,,9177,20,,,2,134,,9178,20,,,2,86,,9179,20,,,2,84,,9180,20,,,2,48,,9181,20,,,2,84,,9182,20,,,2,83,,9183,20,,,2,82,,9184,20,,,2
2000003401,'53',833,,9185,20,,,2,85,,9186,20,,,2,85,,9187,20,,,2,47,,9188,20,,,2,85,,9189,20,,,2,87,,9190,20,,,2,81,,9191,20,,,2,134,,9192,20,,,2,86,,9193,20,,,2,84,,9194,20,,,2,48,,9195,20,,,2,84,,9196,20,,,2,83,,9197,20,,,2,82,,9198,20,,,2
