13101,'65',1525,,8306,22,,,2
13800,'62',829,,8311,8,,,2
34500,'62',827,,8400,35,,,2
1200000100,'51',643,,8518,63,0,34 35 6 31,1,70,,8519,63,0,34 35 6 31,1,21,,8520,63,0,34 35 6 31,1,69,,8523,63,0,16 1 17,1,30,,8521,63,0,34 35 6 31,1
1200000201,'51',621,,8658,18,0,29,1,35,,8663,30,0,29,1,48,,8674,18,0,29,1,7,,8661,30,0,29,1,8,,8677,18,0,29,1,12,,8665,30,0,29,1,10,,8671,30,0,29,1,9,,8668,30,0,29,1,50,,8660,30,0,29,1,10,,8670,30,0,29,1,19,,8673,30,0,29,1,17,,8679,30,0,29,1,55,,8659,30,0,29,1,14,,8681,30,0,29,1,14,,8664,30,0,29,1,12,,8675,30,0,29,1,12,,8662,30,0,29,1,52,,8678,30,0,29,1,15,,8666,30,0,29,1,12,,8685,30,0,29,1,17,,8684,30,0,29,1,58,,8687,30,0,29,1,14,,8683,30,0,29,1,15,,8682,30,0,29,1,15,,8688,30,0,29,1,55,,8690,30,0,29,1,15,,8691,30,0,29,1,17,,8692,30,0,29,1,15,,8686,30,0,29,1,55,,8693,30,0,29,1,15,,8694,30,0,29,1,15,,8695,30,0,29,1,16,,8696,30,0,29,1,55,,8697,30,0,29,1,15,,8689,30,0,29,1,15,,8698,30,0,29,1,14,,8700,30,0,29,1,56,,8701,30,0,29,1,18,,8702,30,0,29,1,13,,8706,30,0,29,1,14,,8699,30,0,29,1,60,,8704,30,0,29,1,18,,8709,30,0,29,1,15,,8710,30,0,29,1,58,,8712,30,0,29,1,11,,8703,30,0,29,1,12,,8714,30,0,29,1,11,,8708,30,0,29,1,14,,8716,30,0,29,1,54,,8718,30,0,29,1,9,,8720,30,0,29,1,13,,8707,30,0,29,1,12,,8713,30,0,29,1,7,,8705,30,0,29,1,7,,8721,30,0,29,1,52,,8711,30,0,29,1,13,,8715,30,0,29,1,12,,8717,30,0,29,1,14,,8722,30,0,29,1,54,,8719,30,0,29,1,20,,8723,30,0,29,1,30,,8724,30,0,29,1,72,,8726,30,0,29,1,35,,8728,30,0,29,1,68,,8730,30,0,29,1,31,,8725,30,0,29,1,67,,8727,30,0,29,1,31,,8729,30,0,29,1,86,,8731,30,0,29,1
1200000201,'52',653,,8735,18,0,29,1,76,,8732,30,0,29,1,30,,8740,30,0,29,1,70,,8738,30,0,29,1,71,,8736,30,0,29,1,31,,8742,30,0,29,1,71,,8733,30,0,29,1,31,,8741,30,0,29,1,70,,8739,30,0,29,1,30,,8744,30,0,29,1,70,,8743,30,0,29,1,30,,8734,30,0,29,1,72,,8747,30,0,29,1,31,,8748,30,0,29,1,70,,8745,30,0,29,1,30,,8746,30,0,29,1,72,,8751,30,0,29,1,30,,8750,30,0,29,1,69,,8749,30,0,29,1,31,,8754,30,0,29,1,72,,8756,30,0,29,1,30,,8752,30,0,29,1,67,,8759,30,0,29,1,30,,8758,30,0,29,1,66,,8755,30,0,29,1,27,,8757,30,0,29,1,28,,8762,30,0,29,1,69,,8753,30,0,29,1,31,,8760,30,0,29,1,67,,8763,30,0,29,1,28,,8765,30,0,29,1,70,,8764,30,0,29,1,30,,8768,30,0,29,1,70,,8761,30,0,29,1,29,,8766,30,0,29,1,88,,8767,30,0,29,1
1200000201,'53',829,,8770,30,0,29,1,71,,8772,30,0,29,1,31,,8774,30,0,29,1,71,,8776,30,0,29,1,31,,8778,30,0,29,1,70,,8782,30,0,29,1,30,,8780,30,0,29,1,70,,8784,30,0,29,1,30,,8781,30,0,29,1,72,,8779,30,0,29,1,31,,8783,30,0,29,1,70,,8785,30,0,29,1,30,,8777,30,0,29,1,72,,8786,30,0,29,1,30,,8788,30,0,29,1,69,,8791,30,0,29,1,31,,8793,30,0,29,1,72,,8795,30,0,29,1,30,,8787,30,0,29,1,67,,8789,30,0,29,1,30,,8792,30,0,29,1,66,,8794,30,0,29,1,27,,8796,30,0,29,1,28,,8798,30,0,29,1,69,,8797,30,0,29,1,31,,8790,30,0,29,1,67,,8799,30,0,29,1
1200000201,'68',1656,,8800,24,0,29,1
1200000201,'69',1622,,8803,30,0,29,1,18,,8804,30,0,29,1
1200000401,'51',1710,,9031,30,,,1,26,,9034,30,,,1,22,,9035,30,,,1
