22100,'64',729,,8370,31,,,2
22200,'64',727,,8372,27,,,2
23100,'64',736,,8378,64,,,2
5003701,'51',1605,,8507,15,,,2,108,,8506,15,,,2,114,,8508,15,,,2
5003801,'51',1649,,8510,15,,,2,90,,8509,15,,,2
1200000100,'51',629,,8518,48,0,34 35 6 31,1,30,,8519,48,0,34 35 6 31,1,60,,8520,48,0,34 35 6 31,1,30,,8523,48,0,16 1 17,1,70,,8521,48,0,34 35 6 31,1
1200000201,'51',607,,8658,3,0,29,1,35,,8663,15,0,29,1,8,,8674,3,0,29,1,7,,8661,15,0,29,1,48,,8677,3,0,29,1,11,,8665,15,0,29,1,10,,8671,15,0,29,1,10,,8668,15,0,29,1,10,,8660,15,0,29,1,10,,8670,15,0,29,1,59,,8673,15,0,29,1,18,,8679,15,0,29,1,15,,8659,15,0,29,1,54,,8681,15,0,29,1,14,,8664,15,0,29,1,12,,8675,15,0,29,1,12,,8662,15,0,29,1,12,,8678,15,0,29,1,55,,8666,15,0,29,1,12,,8685,15,0,29,1,17,,8684,15,0,29,1,18,,8687,15,0,29,1,54,,8683,15,0,29,1,15,,8682,15,0,29,1,15,,8688,15,0,29,1,15,,8690,15,0,29,1,55,,8691,15,0,29,1,17,,8692,15,0,29,1,15,,8686,15,0,29,1,15,,8693,15,0,29,1,55,,8694,15,0,29,1,15,,8695,15,0,29,1,16,,8696,15,0,29,1,15,,8697,15,0,29,1,55,,8689,15,0,29,1,15,,8698,15,0,29,1,14,,8700,15,0,29,1,15,,8701,15,0,29,1,57,,8702,15,0,29,1,13,,8706,15,0,29,1,14,,8699,15,0,29,1,19,,8704,15,0,29,1,58,,8709,15,0,29,1,16,,8710,15,0,29,1,18,,8712,15,0,29,1,51,,8703,15,0,29,1,13,,8714,15,0,29,1,12,,8708,15,0,29,1,14,,8716,15,0,29,1,14,,8718,15,0,29,1,49,,8720,15,0,29,1,13,,8707,15,0,29,1,12,,8713,15,0,29,1,7,,8705,15,0,29,1,7,,8721,15,0,29,1,12,,8711,15,0,29,1,53,,8715,15,0,29,1,12,,8717,15,0,29,1,14,,8722,15,0,29,1,14,,8719,15,0,29,1,60,,8723,15,0,29,1,30,,8724,15,0,29,1,72,,8726,15,0,29,1,35,,8728,15,0,29,1,69,,8730,15,0,29,1,31,,8725,15,0,29,1,67,,8727,15,0,29,1,31,,8729,15,0,29,1,86,,8731,15,0,29,1
1200000201,'52',641,,8735,3,0,29,1,76,,8732,15,0,29,1,30,,8740,15,0,29,1,69,,8738,15,0,29,1,31,,8736,15,0,29,1,71,,8742,15,0,29,1,31,,8733,15,0,29,1,71,,8741,15,0,29,1,30,,8739,15,0,29,1,70,,8744,15,0,29,1,30,,8743,15,0,29,1,70,,8734,15,0,29,1,32,,8747,15,0,29,1,71,,8748,15,0,29,1,30,,8745,15,0,29,1,70,,8746,15,0,29,1,31,,8751,15,0,29,1,70,,8750,15,0,29,1,29,,8749,15,0,29,1,71,,8754,15,0,29,1,32,,8756,15,0,29,1,70,,8752,15,0,29,1,28,,8759,15,0,29,1,70,,8758,15,0,29,1,27,,8755,15,0,29,1,67,,8757,15,0,29,1,28,,8762,15,0,29,1,69,,8753,15,0,29,1,31,,8760,15,0,29,1,67,,8763,15,0,29,1,28,,8765,15,0,29,1,70,,8764,15,0,29,1,30,,8768,15,0,29,1,70,,8761,15,0,29,1,29,,8766,15,0,29,1,88,,8767,15,0,29,1
1200000201,'53',816,,8770,15,0,29,1,31,,8772,15,0,29,1,71,,8774,15,0,29,1,31,,8776,15,0,29,1,71,,8778,15,0,29,1,30,,8782,15,0,29,1,70,,8780,15,0,29,1,30,,8784,15,0,29,1,70,,8781,15,0,29,1,32,,8779,15,0,29,1,71,,8783,15,0,29,1,30,,8785,15,0,29,1,70,,8777,15,0,29,1,31,,8786,15,0,29,1,70,,8788,15,0,29,1,29,,8791,15,0,29,1,71,,8793,15,0,29,1,32,,8795,15,0,29,1,70,,8787,15,0,29,1,28,,8789,15,0,29,1,70,,8792,15,0,29,1,27,,8794,15,0,29,1,67,,8796,15,0,29,1,28,,8798,15,0,29,1,69,,8797,15,0,29,1,31,,8790,15,0,29,1,67,,8799,15,0,29,1
1200000201,'68',1639,,8800,9,0,29,1
1200000201,'69',1606,,8803,15,0,29,1,18,,8804,15,0,29,1
1200000401,'51',1655,,9031,15,,,1,68,,9034,15,,,1,22,,9035,15,,,1
