1500,'51',603,,7883,32,0,29,2,32,,7885,32,0,29,2,69,,7887,32,0,29,2,21,,7884,35,0,29,2,80,,7886,35,0,29,2,41,,7888,35,0,10 11,2,111,,7889,32,0,12 13,2,100,,7890,32,0,12 13,2,100,,7891,35,0,12 13,2,101,,7892,31,0,12 13,2
1500,'67',845,,7893,20,0,10 11,2
1600,'51',1354,,7909,16,0,12 13,2,96,,7910,16,0,12 13,2,76,,7911,16,0,29,2,25,,7913,1,0,29,2,75,,7912,19,0,29,2,78,,7916,19,0,29,2,27,,7914,19,0,29,2,99,,7917,19,0,12 13,2,108,,7915,16,0,12 13,2,107,,7918,16,0,12 13,2
22500,'62',838,,8374,31,4,,2
23500,'62',836,,8382,48,4,,2
23600,'62',836,,8384,28,4,,2
24500,'62',837,,8390,21,4,,2
35500,'62',836,,8405,42,4,,2
37500,'62',836,,8407,29,4,,2
38500,'62',833,,8417,27,4,,2
1001101,'51',605,,8427,20,,,1,30,,8424,20,,,1,70,,8428,20,,,1,32,,8425,20,,,1,64,,8421,20,,,1,41,,8426,20,,,1,66,,8422,20,0,12 13,1,18,,8430,20,,,1,30,,8429,20,,,1,75,,8431,20,,,1,70,,8435,20,,,1,35,,8432,20,,,1,70,,8436,20,,,1,33,,8433,20,,,1,70,,8440,20,,,1,37,,8434,20,,,1,70,,8442,20,,,1,88,,8437,20,,,1,31,,8438,20,,,1,84,,8441,20,,,1,26,,8439,20,,,1,63,,8443,20,,,1,27,,8445,20,,,1,74,,8444,20,,,1,29,,8446,20,,,1,71,,8447,20,,,1,100,,8448,20,,,1,99,,8449,20,,,1,100,,8450,20,,,1,100,,8451,20,0,12 13,1
1001101,'52',805,,8453,20,,,1,102,,8454,20,,,1,101,,8455,20,,,1,100,,8456,20,,,1,98,,8457,20,,,1,100,,8460,20,,,1,102,,8458,20,,,1,100,,8459,20,,,1,99,,8461,20,,,1,100,,8462,20,,,1,100,,8463,20,,,1,100,,8464,20,,,1,99,,8465,20,,,1,100,,8466,20,,,1,100,,8467,20,,,1,100,,8468,20,0,12 13,1
1001101,'53',1008,,8472,20,,,1,100,,8469,20,,,1,98,,8470,20,,,1,100,,8473,20,,,1,102,,8474,20,,,1,100,,8475,20,,,1,99,,8476,20,,,1,100,,8477,20,,,1,100,,8478,20,,,1
2000001500,'52',750,,9066,32,,,2,101,,9067,31,,,2,100,,9068,31,,,2,94,,9069,31,,,2,109,,9070,31,,,2,101,,9071,31,,,2,191,,9072,32,,,2,102,,9073,31,,,2,96,,9074,31,,,2,106,,9075,31,,,2,96,,9076,31,,,2
2000001500,'53',851,,9077,32,,,2,100,,9078,31,,,2,94,,9079,31,,,2,109,,9080,31,,,2,101,,9081,31,,,2,191,,9082,32,,,2,102,,9083,31,,,2,96,,9084,31,,,2,106,,9085,31,,,2,96,,9086,31,,,2
