3101,'51',627,,8078,11,,,2,74,,8080,11,,,2,102,,8081,11,,,2,105,,8082,11,,,2,100,,8083,11,,,2,100,,8084,11,,,2,104,,8086,11,,,2,102,,8085,11,,,2,101,,8087,11,,,2,101,,8088,11,,,2,97,,8089,11,,,2,31,,8093,11,,,2,70,,8090,11,,,2,33,,8091,11,,,2,69,,8094,11,,,2,28,,8092,11,,,2,72,,8095,11,,,2,295,,8096,11,0,8,2
3701,'51',538,,8188,4,,,2,185,,8189,11,0,32 1 33,2,105,,8190,11,,,2,102,,8191,11,,,2,98,,8192,11,,,2,102,,8193,11,,,2,113,,8194,11,,,2,102,,8195,11,,,2,102,,8196,11,,,2,156,,8197,11,,,2,141,,8198,11,,,2,71,,8199,11,,,2,101,,8200,11,,,2,97,,8201,11,,,2,97,,8202,11,,,2,101,,8203,11,,,2,100,,8204,11,,,2,28,,8205,11,,,2
3701,'52',654,,8206,11,,,2,100,,8207,11,,,2,101,,8208,11,,,2,102,,8209,11,,,2,101,,8210,11,,,2,156,,8211,11,,,2,100,,8212,11,,,2,102,,8213,11,,,2,100,,8214,11,,,2,100,,8215,11,,,2,102,,8216,11,,,2,98,,8222,11,,,2,98,,8223,11,,,2,96,,8217,11,,,2,100,,8218,11,,,2,101,,8219,11,,,2,98,,8220,11,,,2,28,,8221,11,,,2
3701,'53',754,,8224,11,,,2,101,,8225,11,,,2,102,,8226,11,,,2,101,,8227,11,,,2,156,,8228,11,,,2,100,,8229,11,,,2,102,,8230,11,,,2,100,,8231,11,,,2,100,,8232,11,,,2,102,,8233,11,,,2,98,,8234,11,,,2,98,,8235,11,,,2
3901,'51',1637,,8282,19,,,2,84,,8283,19,,,2,85,,8284,19,,,2
38001,'51',619,,8413,16,,,2,31,,8414,16,,,2
38101,'65',1533,,8416,28,,,2
5003700,'51',611,,8501,11,,,2,21,,8502,11,,,2,75,,8504,11,,,2,31,,8505,11,,,2,68,,8503,11,,,2
2000003101,'52',734,,9119,11,,,2,102,,9120,11,,,2,102,,9121,11,,,2,100,,9122,11,,,2,100,,9123,11,,,2,102,,9124,11,,,2,201,,9125,11,,,2,101,,9126,11,,,2,100,,9127,11,,,2,101,,9128,11,,,2,98,,9129,11,0,8,2
2000003101,'53',836,,9131,11,,,2,102,,9132,11,,,2,100,,9133,11,,,2,100,,9134,11,,,2,102,,9135,11,,,2,201,,9136,11,,,2,101,,9137,11,,,2,100,,9138,11,,,2,101,,9139,11,,,2,98,,9140,11,0,8,2
